4
3
10
20
16
-1.576206
-2.016651
-0.227655
-0.290201
-0.167577
-0.336039
-0.162201
-2.646194
0.726621
-0.180239
2.186887
0.858091
-1.841449
1.249497
2.307968
-1.494835
-0.717936
-1.551077
-2.054227
-0.224668
-1.217920
-0.339449
0.182654
-0.368668
0.848748
-2.010313
-3.254211
3.037018
0.184542
1.102005
-0.096225
0.306864
-0.198889
-0.296793
0.356670
-0.226661
-0.975707
0.872555
-0.789178
-0.512375
1.364066
0.094882
-0.212604
0.675371
1.762397
-0.387977
1.177748
0.011555
-1.015741
-1.616454
0.996443
-0.730644
0.552556
1.242092
-0.638509
-1.043873
-1.367130
-0.430286
-0.077289
1.678862
-0.487334
-0.797113
0.807859
-0.010448
-0.592133
-0.933226
-0.920526
0.231849
-0.848488
0.393498
-0.546705
0.729118
0.689020
0.618981
0.135619
-0.050989
1.242271
-0.887657
1.378232
-1.001089
-0.526414
-0.674245
0.740715
-0.649525
0.651906
-0.727775
-0.913633
-0.128636
0.075533
-0.938047
0.015142
0.598560
0.043279
-0.449940
-1.366784
1.287897
1.229813
-0.140436
-0.732668
1.184576
0.467015
0.493088
0.054385
0.297045
0.300524
0.213312
-0.430536
0.832836
-0.402884
0.711489
-0.111325
-0.644581
-0.110862
-0.647549
-0.062977
-0.731859
0.047275
-0.506282
-0.581105
0.403581
0.312656
-0.192053
-0.975219
-1.049583
-0.560825
0.624668
0.810347
-0.273743
1.280755
-1.058284
0.546621
-0.337992
0.432027
-0.857287
-0.255356
-0.373572
-0.930609
0.998718
-1.420439
0.487875
0.641074
0.998413
-0.728827
-0.716153
-0.649632
0.065221
-0.877741
-0.118914
0.107802
-0.439926
1.378310
-0.636402
1.432038
-0.408834
-1.332276
-0.056729
-0.298852
-0.155492
-1.712992
-0.394540
1.012569
-0.997131
-0.892321
0.355702
0.734848
0.417526
1.107763
0.387982
0.467387
-1.190287
-1.072524
-0.572130
-0.857214
1.283308
0.338360
-0.101657
-0.597059
-0.406049
-0.960461
-1.359891
-1.365384
-0.345073
-2.003544
0.365268
1.589838
-0.145949
0.326591
0.996565
1.305264
1.702733
0.571003
-0.611194
0.872247
0.745065
1.606457
-1.385411
0.289605
-0.240528
-1.059540
0.281276
-0.508068
-0.473556
-0.964605
0.958967
0.368886
-0.820243
0.628512
-0.142065
-0.499241
-1.021748
1.030240
-0.143406
0.253769
-0.450054
-0.497964
-0.291878
-0.788525
-0.838862
0.345506
-0.115676
-0.845922
-0.005219
0.142994
-0.275906
-0.822751
-0.573723
0.733430
-0.255991
-0.017565
0.438770
-0.779046
0.067286
0.497814
-0.569262
0.473574
0.032807
-0.972455
-0.040832
0.301132
0.578902
0.894483
-0.284429
-0.751523
-0.371767
-0.722676
-0.399281
0.063671
0.486245
-0.014491
-0.952250
0.136387
0.043575
-0.654211
-0.047639
0.358675
-0.703421
0.297728
-0.814065
0.763237
0.421365
0.439558
-0.282327
-0.046175
-0.444347
-0.471210
-1.042551
-0.097828
0.852943
-0.213721
0.835812
-0.055635
-0.745131
-0.393034
-0.330395
-0.408085
0.912900
0.532868
0.006559
-0.113197
-0.640477
0.589377
0.503647
-0.787071
0.943725
-0.313517
-0.143674
0.480536
-0.779996
-0.137754
0.521004
0.650380
-0.683706
-0.951476
-0.937254
-0.816828
-0.055086
0.453780
-0.943968
0.330607
-0.140233
0.423688
0.647694
-0.881588
0.608753
-0.563280
0.035737
-0.948790
0.382672
-0.191992
0.612293
-0.057955
0.485858
0.084817
0.286057
-0.951432
-0.738578
-0.526688
-0.014934
0.418700
-0.780316
0.576598
0.080700
0.948078
0.208680
0.721179
0.117890
-0.798867
0.801484
-0.677689
-0.075619
0.364788
-0.194983
-0.024445
-0.764519
-0.594104
0.249794
-0.965636
-0.413800
-0.349651
-0.010346
-0.694632
-0.428388
-0.509018
0.503403
-0.619984
-0.668264
-0.237831
0.522996
0.356792
0.689566
0.640919
0.096079
-0.372333
-0.419409
-1.152201
0.407819
-2.282898
-0.111868
0.458488
-0.014683
0.716277
0.619781
0.558327
0.431121
-1.553558
0.925804
0.160152
-1.202274
0.645987
0.650785
0.946471
-0.211778
-0.484321
0.146886
-0.474022
-0.622547
0.431884
-0.019278
0.068905
-0.002637
0.220801
-0.444502
0.436750
-0.334061
-0.087342
-0.316864
-0.437354
0.719138
-0.648628
0.025273
0.957335
-0.502155
-0.072329
-0.652394
0.468222
-0.017792
0.224888
-0.050822
-0.786812
0.788931
-0.839534
-0.862663
-0.260216
-0.334975
-0.889646
-0.520022
0.131712
-0.715131
-0.385358
0.589698
0.477462
-1.909151
0.123756
0.413583
-1.559068
-0.169591
0.271572
0.378941
-0.391870
0.265842
1.140458
-0.749077
1.971399
0.779811
-0.226223
-1.579407
0.652553
0.875536
0.916544
0.483456
-0.538682
1.017658
0.320477
0.325154
0.455844
0.048677
-0.589705
-0.713263
0.901424
-0.800227
-1.025447
0.487554
1.412405
-2.250457
-0.569424
-1.728875
1.144664
-1.397408
-0.473591
0.439540
-0.755913
0.408682
1.447999
-1.118046
-1.096151
0.705130
0.370502
-0.347971
0.991658
0.120567
-0.100444
-0.179363
1.240408
0.843630
0.374322
-1.701781
-1.063741
0.734655
-0.410064
0.905396
-0.209510
-0.885372
-0.858455
0.886044
-0.292520
-0.512070
-0.815912
0.665700
0.463240
-0.512497
0.733268
0.332011
-0.348186
-0.027680
-0.712943
0.165380
-0.891232
0.405805
0.546312
-0.209082
0.776360
-2.192327
0.063194
0.560289
0.868541
-0.800287
1.327081
-1.064160
0.969087
0.610746
0.257302
0.153132
-0.513540
0.082237
-0.498217
-0.413131
-1.765783
-0.436366
0.986626
-0.194223
-0.685842
-0.942061
-0.619892
-0.670000
-0.766813
0.630360
-0.386230
0.464427
0.436684
0.637745
0.229223
0.508957
0.583741
0.267962
0.268777
-0.307107
0.383652
-0.844415
-0.132055
-0.130528
0.136387
-0.229177
-2.619195
0.867977
0.588469
0.372173
1.084825
-0.220773
0.800045
-2.182024
0.598987
0.258018
-0.318700
-0.857713
0.250414
1.240612
0.156788
-0.315696
0.056007
-0.377895
1.510849
-0.532579
0.256322
0.985333
1.472377
0.795119
1.981826
-0.307713
-0.372894
-0.212238
-0.967772
0.493729
0.777943
-0.828142
1.186956
-0.533067
0.577211
0.704474
-0.750942
0.281032
-0.125799
0.597077
0.581501
0.383290
-0.070232
0.641456
1.168348
0.815205
-0.894860
-1.075374
-1.157927
-1.113572
-0.990606
-0.008576
0.453220
0.138279
-1.137950
0.647513
-1.165359
-0.574282
0.269673
0.293313
0.542405
-0.489954
-0.004226
-0.270251
