4
3
10
20
16
1.342297
2.407963
2.633705
-0.779351
0.757683
0.574023
-0.982177
-0.516709
-0.730583
0.710712
1.982649
-0.970904
0.134744
3.201866
-0.564578
0.058748
0.078463
0.555956
3.705664
-0.147701
-0.880708
-0.009475
0.148804
0.885670
-0.069709
-1.779112
-4.244618
0.641342
0.305415
0.578461
-0.345446
-0.262734
0.254006
0.136799
1.654491
-0.937986
-0.454527
0.032610
0.282696
0.901195
-0.492845
0.101901
0.972472
-0.198785
0.278446
0.442183
-1.190982
0.926511
1.650553
0.216102
-0.725475
0.241127
-0.760735
1.223832
1.148746
-0.169836
2.065482
-0.703291
-0.405173
0.768251
-0.244321
-0.891903
-0.677725
-0.896539
0.961893
-0.546739
0.431087
0.554022
0.203406
0.065428
2.054989
-0.149266
0.690847
0.017559
-0.265158
0.418561
0.388498
0.969821
-0.735800
-0.180834
-0.854381
-0.546617
0.661611
0.303292
-0.472652
0.084994
0.627100
0.846858
-0.981928
-0.127903
0.278331
-0.095492
0.278054
-1.921619
-1.412550
-0.694388
1.772979
-0.342141
-1.444797
0.174953
1.842922
0.633290
0.696158
0.196543
1.162052
0.698233
-0.786007
0.554598
1.795699
-0.107597
0.786926
0.477218
-0.210913
-0.909111
0.346161
-0.818659
-0.415785
0.399840
1.077048
0.654866
-1.121287
-0.755974
-0.717521
0.953751
0.633961
-0.120029
1.710950
0.242895
0.554152
0.762802
-0.438647
-0.737785
-0.265114
1.220733
-0.080030
-0.604785
-0.551223
-0.797052
-0.794831
0.126560
-0.797807
-0.570666
0.338420
0.002276
-0.104482
-0.387677
0.559727
-0.684317
0.197122
-0.794549
-0.383682
-0.589587
-0.918394
-0.587659
0.652367
-0.075411
-0.777933
-0.744194
-0.674433
-0.221679
-0.019196
-0.934996
0.538255
-0.481857
0.648305
-0.757378
-0.077792
0.244789
-0.053682
0.575182
-0.738875
-0.861019
-0.325053
0.552629
-0.083500
0.674673
-0.664538
-0.871273
-0.834213
-0.434614
-0.784459
0.994507
0.856502
0.538847
-1.483046
0.566759
0.234177
0.819086
2.293750
-0.384747
0.892838
0.921995
-0.082125
1.168595
1.773005
0.922910
-0.817507
0.274699
-1.505874
0.162861
1.459167
-0.372112
0.020783
0.234166
-0.008687
-0.662221
1.341277
0.226148
-0.485111
-0.306617
0.965565
-0.924558
-0.734794
-0.915158
0.318389
0.720817
1.053571
0.143458
1.412639
-0.502290
1.409000
0.216590
-0.061800
0.124608
-1.276604
-0.486068
-0.501046
-0.222245
-0.501677
-0.195402
0.597110
0.739660
0.514665
-0.875811
-0.998830
0.650990
0.060884
-0.689970
0.519223
0.678894
-0.287818
0.349501
-0.577929
0.123997
0.640736
-0.919913
-0.856299
-0.451878
-0.786980
0.761467
0.001334
-0.860897
0.749761
-0.943433
-0.910368
0.019257
-0.524135
-0.623689
0.843002
0.000641
-0.329508
0.786493
-0.599353
-0.344829
-0.349834
-0.759697
-0.807367
-0.177426
-0.494003
-0.366436
-1.096512
0.573505
0.267191
-0.802761
-0.064242
0.911740
0.024122
0.145347
0.436945
0.464074
0.707816
-0.766724
0.617481
0.400189
-0.204260
0.802580
-0.353703
-0.699392
-0.672917
0.275857
-0.740674
-0.981954
-0.892307
-0.236874
-0.532191
-0.354717
-0.251355
1.043202
0.080558
-1.065254
-0.693088
-0.178869
-0.290008
0.742546
0.267392
0.537840
1.094080
0.282679
-0.178262
0.071213
-0.181706
-0.887003
1.051929
0.253706
-1.384888
0.318012
-0.302974
0.103860
0.162820
-0.064249
0.681142
0.791214
-0.119070
-0.527451
-0.134399
-1.497438
1.064696
-0.586983
-0.405315
0.490207
0.136814
0.091037
-0.289407
-0.947203
-0.519272
0.660268
-0.749565
-0.461898
0.167272
-0.197607
-0.667776
-0.571398
0.108310
-0.916562
0.352397
-0.749626
-0.422102
-0.876400
-0.876400
-0.452803
-1.659533
-0.562244
-1.292377
-0.122480
1.098774
0.342326
-1.644089
0.879160
0.953619
-0.949864
0.739022
-0.233985
0.425472
-0.350261
0.084141
0.237489
-0.264122
0.592518
0.628195
0.217155
0.475568
0.358619
-0.682507
-0.947304
0.804827
0.551927
-1.564534
-2.237613
0.638635
-0.837159
-1.109249
0.195654
0.913487
0.099582
-0.569121
-1.627308
0.664443
-0.480789
0.255565
-1.036700
-1.828405
0.868132
-0.427592
-1.398194
0.654729
0.653423
0.266248
-0.585654
-0.955158
-1.226571
-0.831596
-0.403002
0.347461
0.694754
0.580761
0.901704
-0.198459
1.005368
0.485096
1.694494
-0.924717
0.876214
-0.999804
0.866597
0.267253
0.740716
1.824076
-0.710037
-0.495036
-1.486720
0.611133
0.647888
-0.453527
-0.470077
-0.682363
-1.099167
-1.752106
0.413845
0.622828
-0.526144
0.149154
-0.775897
-2.309931
0.689147
1.201254
-0.093790
-0.248818
-0.318389
-0.298406
-0.945866
0.346661
-0.212548
-0.873366
0.863948
-0.750694
-0.477661
-1.682977
-1.082983
-0.892248
1.072626
-0.762347
0.849688
-0.409040
-0.366048
-0.582136
-0.995911
-0.944273
0.601502
0.267349
0.245597
-0.711123
-0.694082
-0.619043
0.095431
0.146120
-0.656020
0.625362
-0.938946
-0.654158
0.055513
-1.239877
0.112232
-0.085131
-0.813777
-0.737958
-0.220105
-1.650326
-0.904849
-0.393364
1.360211
0.223670
0.433302
-0.078707
-0.803888
0.887082
0.405538
-0.862296
0.232101
0.185123
0.266306
-0.994800
0.860262
-0.468852
0.142573
-2.318703
-0.879635
-1.285167
1.397855
0.576918
0.648645
-0.407597
-0.620488
0.096382
-0.587268
0.603417
0.990676
0.136276
-0.094045
0.571193
0.046147
0.884754
1.825729
-0.708005
-0.476440
-0.741468
0.267434
-1.049812
1.182385
0.525558
-0.622711
0.700115
-0.778496
0.599628
-0.948302
0.576349
0.671467
-0.855072
-0.370937
-0.954883
-0.205237
0.623626
-0.308799
0.206501
0.680890
-1.681166
-0.197070
0.255196
0.398886
-0.525295
0.783329
1.271260
-0.475595
0.858429
-0.841792
0.447919
-0.189685
0.402020
-1.491600
-1.117284
-0.397899
-0.631651
-0.980773
-0.130711
0.757203
0.540332
-0.764092
-1.283585
-0.608633
0.638969
-0.970541
2.050605
-0.783091
-0.451390
1.154225
2.562802
-0.977203
1.451027
-1.773727
-0.044768
-0.701172
-1.040095
-0.922837
0.088514
-0.696646
-0.553882
-0.145907
-0.381145
-0.458614
-0.160222
-0.101780
-0.506553
0.754129
-0.959968
-0.875237
-0.765097
0.214270
-0.428946
0.352713
0.064067
-0.302797
1.715832
-0.021117
0.284188
0.088886
-1.077141
-0.816791
