5
3
10
16
20
16
0.633146
-2.875689
2.387142
1.279558
2.687207
1.452945
0.216886
-1.882877
1.697042
-0.366303
0.815313
-0.735928
-1.288763
3.001180
1.607127
0.202050
-1.750158
-2.123154
4.223483
-0.236357
0.560893
1.031018
1.228755
-3.473721
2.189448
-0.586199
-2.137370
1.424870
2.590030
2.142206
1.347734
-0.503764
0.627596
-0.843561
-1.163126
-0.489426
0.712686
-0.432526
-0.273163
-1.069932
0.554937
-1.545953
0.504005
0.218967
-1.132578
1.544943
0.383254
-1.371410
0.404789
-0.953594
0.112046
-0.798241
0.489901
0.403206
1.479220
-0.399390
1.058649
0.578110
-0.843575
-1.536215
0.207494
0.207485
-0.354800
-0.146726
-0.287654
0.176262
-0.439743
1.461862
-0.462610
-1.026126
2.185575
0.008801
0.221665
0.424113
1.171610
-0.106689
-2.796062
0.153643
-0.605517
0.280296
0.397177
-0.626206
0.463595
-0.271126
-1.208878
0.025676
-0.427173
1.503779
0.216839
-1.317750
0.925617
-1.193042
0.529706
-0.151055
0.005396
0.235523
-1.732497
-0.202613
-0.773975
0.317067
0.329519
-0.251641
-0.424627
-0.955182
-0.443015
0.779824
1.052675
0.232571
1.939681
0.782453
0.097548
-1.317739
-1.540830
0.441009
-0.592206
1.207147
-0.545939
1.083277
0.702390
-1.436434
-0.390013
0.119551
-0.729142
0.876321
-0.369271
-0.574444
0.608882
-0.303536
-0.367665
-0.548661
0.247387
1.326342
0.320063
0.251032
0.981613
0.507293
0.662514
-1.387511
-1.253697
0.819449
0.007244
-0.412142
0.449088
-0.581954
0.025861
0.783098
-0.821926
0.184472
-0.537777
-0.125694
0.681408
0.407472
1.317527
0.946098
-1.887637
-0.152076
1.256241
-1.085150
-0.530573
-0.553324
1.264289
0.144340
-0.088946
0.555446
0.699988
0.649259
0.657684
-2.024268
-0.261974
0.984890
-1.764566
0.878333
-0.578342
-0.533382
1.331024
-1.313080
-1.045166
-0.255393
0.834298
0.925273
1.069311
-0.301871
-0.921896
-0.566200
-0.942258
1.275518
-0.391385
-0.082417
0.048630
-0.206553
1.421108
-0.603076
0.088054
-0.694002
-1.159569
0.982735
-0.288060
0.985981
-0.693188
0.479416
0.278289
-0.079730
0.349838
0.928269
-1.574048
0.116283
0.225788
0.335239
-0.114184
-0.090244
1.014157
-0.768988
0.753358
-1.293858
0.020132
-0.905348
0.572760
0.274732
-0.767606
0.461527
-1.397246
-1.234812
-0.343198
-0.318880
0.083799
0.658844
-0.697826
-0.049211
0.304367
-0.863103
-0.963417
-0.216661
0.849437
0.520349
-0.434133
-0.001783
-0.761205
0.100377
1.226995
1.091776
1.082433
-0.642565
-0.390722
1.136188
-0.996777
0.375875
-0.537400
-1.028938
-0.409556
-0.267167
-1.207658
0.327458
-0.746004
0.377793
-0.566989
0.662805
0.749538
0.134526
-0.438174
0.261886
-0.781525
-0.766074
-0.906819
-0.578221
1.641595
0.812852
1.397662
0.396398
0.586378
-0.189863
0.971401
-0.553235
-0.158085
0.822273
-1.433108
0.314358
0.778988
1.130532
-1.376849
0.222432
0.641366
0.038864
0.356843
0.913918
-0.265556
-1.031739
-0.700523
0.046704
-0.083084
-0.535928
0.740357
-1.278925
0.608895
0.219724
-1.375721
-0.902962
-1.304317
1.075346
-1.165579
0.840074
-0.511020
0.337609
-0.037607
-1.011344
-0.313656
-0.322545
-1.078752
0.473261
-0.381604
0.805780
-0.513852
0.954319
-0.008547
-0.654805
-1.169245
0.425266
1.402547
0.255524
-0.971456
0.081367
1.109130
-0.351346
-0.857974
-0.471316
-0.737608
1.264951
0.548980
-0.276915
-0.443880
-0.557040
-1.123431
-0.772914
0.035883
0.858376
0.896570
-0.111749
-0.994480
0.194747
-1.033036
0.170381
-0.221082
-0.735420
-0.942280
-0.926870
-1.213185
-0.870089
1.117740
0.545174
-0.273993
0.144878
0.955360
-1.229752
-0.972903
-0.806361
0.250059
-0.897498
0.206642
-0.143107
-0.406984
-0.161383
0.844418
-0.366052
-0.343116
0.703041
0.737009
-0.725976
-0.256615
-0.104109
-0.245560
-0.567442
-1.064653
-0.655631
0.237697
-1.928442
-0.509672
-0.614325
0.003664
-0.296511
0.452880
-0.710625
1.344555
-0.753115
0.692916
-0.876223
-0.253448
0.256027
1.177808
1.197593
1.279134
0.411191
0.262258
0.894937
-1.393100
-0.401891
-1.047051
-1.085428
0.383414
-0.098731
0.646234
1.019665
-0.717405
-0.479017
-0.157838
0.014515
0.029159
0.528080
0.250167
0.197013
-0.307518
0.553352
0.041543
0.971234
-0.948867
-0.100999
1.440946
0.212187
0.791689
-0.205328
1.169580
0.244647
-0.419196
-1.004656
-0.770849
-0.105429
0.119512
-0.619095
0.444706
0.486488
-0.964642
-0.535400
0.442451
1.277962
-0.585558
-0.569891
0.361861
1.002083
0.775702
-0.622695
1.396855
-0.697348
-0.146015
-0.410570
0.834386
-0.975435
1.385543
0.939951
-0.139972
-0.958290
-1.655928
-1.316265
0.871019
-0.207427
-0.807219
1.064108
-0.041321
-0.916058
-1.033884
-0.933664
0.980292
-0.143563
-0.110397
-0.951689
-0.534458
-0.571393
0.458313
0.260992
1.624723
0.047245
-0.075784
-0.046320
-1.178850
-0.582579
0.737717
-1.000351
0.116732
-0.229202
-1.082357
0.729197
-1.348720
0.741283
-0.126194
-0.228907
0.141863
0.480350
-1.133202
0.204017
1.189580
0.063196
-0.013171
-0.753819
0.299296
-1.931491
0.396704
0.072861
0.242827
-0.216684
0.888068
0.517768
-1.389214
0.162916
-0.108578
-0.450533
0.071313
0.879144
0.692892
0.826149
0.995653
-0.505164
0.812115
-0.764663
1.306673
-0.233419
0.652655
-0.573064
-0.999813
0.006379
-0.979433
-0.168101
0.712357
-0.287059
-0.854910
0.083355
-0.213589
-1.110361
-0.944035
-0.058177
0.901679
0.065063
-0.644271
-0.373306
-1.147236
0.532157
-0.464495
0.402385
0.770234
-1.502456
0.824938
-1.022351
1.018083
0.333347
-0.651255
0.285842
0.004543
0.904919
-0.598762
-0.322701
1.404900
-0.836661
0.994186
0.334112
0.378890
1.013957
-0.002864
0.003119
0.526444
-0.196394
0.978567
0.240343
-0.597702
0.638704
-1.008866
-0.886153
0.466646
-1.491507
0.157530
1.502288
-0.575009
-0.983906
-0.357562
0.211212
-0.682783
-0.806464
0.550236
-0.382871
0.685865
0.849059
-0.202538
-0.028854
0.584790
0.298900
0.993008
1.185226
0.036796
-1.310237
-0.182733
-0.661931
-0.136733
0.335924
0.802209
-0.988145
0.262779
-0.605357
0.928469
-0.606911
-0.357393
-0.996503
0.017455
1.107601
0.552652
1.016408
0.970282
0.882481
1.297348
0.491455
-0.005304
0.253505
0.198274
-0.957053
-1.048893
0.649006
-0.863328
0.318286
0.590588
-1.041759
-0.231160
-1.363191
-0.085489
1.657866
-0.889352
-0.999491
0.393435
-1.085171
-1.254565
0.160093
0.246605
0.589213
0.372796
-0.592631
0.309495
-0.386880
1.236542
1.112485
0.653826
0.061363
0.804011
0.462360
-0.737665
0.688460
-0.160893
-0.467723
0.716317
-0.529755
0.127971
-0.980704
0.756188
-2.144509
-1.437726
0.591034
0.677090
0.445054
-1.392288
-0.855420
0.057519
0.727726
-1.293680
0.101304
0.320657
0.689750
-0.321604
-0.103297
1.281864
-0.592147
0.131521
-0.641868
1.334323
-0.304084
0.083881
0.016775
-0.673463
-0.958527
0.849322
0.334724
-0.096391
-0.951422
0.316749
0.927829
-1.099284
-0.931849
0.217661
0.814566
0.701174
-0.342780
-0.858800
0.250762
0.347260
-0.875526
-0.514400
1.059395
0.228669
0.932376
0.910265
-1.573008
0.870694
1.155485
2.082840
-0.398233
-0.503315
0.434229
-0.833397
-0.749535
-0.683653
-0.711257
-0.156796
0.381862
1.447666
-0.572592
-0.336728
1.177076
0.384711
0.459355
0.515910
1.150768
-0.913099
-0.394279
0.169079
-1.411374
0.922605
-0.023497
-0.788964
-0.889109
-0.578310
0.287782
-1.437078
1.479214
0.264256
0.397063
-0.664599
0.380229
-0.385354
-0.343117
-0.085521
0.044040
-0.721931
1.028629
-0.815359
0.951249
0.493796
-1.392067
0.432069
1.181342
-0.034908
-0.521013
0.994760
0.314983
0.566976
-0.011105
-1.533858
-1.135121
-1.282144
-0.470858
0.820361
-0.197691
0.762400
0.276183
0.398913
-0.924529
-0.992001
0.569845
1.200706
0.202608
-0.641237
0.474920
-0.086841
0.261639
-0.989997
0.522942
-0.173785
0.293143
0.209506
-0.098097
-0.992252
0.018952
0.469199
0.747697
0.412220
0.161482
-0.671398
0.435536
1.187849
0.488390
-0.574380
-0.717002
0.735269
-0.334044
0.618782
0.848961
-1.775295
-0.329751
1.031355
-0.562651
-0.044853
-0.050377
-0.972234
-1.442543
-0.027549
-0.357005
-1.541024
-0.965023
-0.753901
-0.765770
-0.869278
0.399771
0.802225
0.230003
-0.518458
1.557484
0.227383
0.280943
1.190871
0.107717
-1.261867
-0.730695
-0.752274
-0.923389
-0.504857
0.702589
0.746167
0.397201
-0.167276
0.917329
-0.103438
1.836051
1.785707
-0.510724
-0.775763
-0.193659
0.276745
-0.345318
1.300244
-0.973730
0.957279
-0.254000
-0.748354
-0.594927
1.453001
0.295673
-1.465009
-0.157842
-0.075418
-0.164050
-0.507929
0.944466
-0.730550
0.288759
1.434318
-0.047583
1.295188
-0.117154
0.724035
-0.119214
-1.652774
0.094664
-1.104980
-0.697296
1.868247
-0.273069
-0.615656
-0.057180
-0.152901
0.224331
-0.566912
-0.675625
0.645517
-0.257854
0.167263
-0.150181
0.531351
-0.312979
0.522044
0.524925
-0.047112
0.254404
0.953218
-0.452732
-0.326297
-0.438780
-0.216992
0.860379
-0.215168
-0.349604
0.084913
-0.209649
-0.733640
0.797639
-0.085555
-0.777333
-0.041763
-0.132082
0.114042
0.089750
0.144470
-0.688852
