4
3
30
20
16
0.371352
-2.464216
2.207516
-0.215076
1.256610
-1.687027
0.276068
-0.397123
0.706096
-0.630177
-0.175573
-0.464644
0.761468
-0.412497
1.795221
2.120416
-3.071119
1.154952
0.935280
-2.874595
-1.354197
0.453294
0.328285
-0.429779
1.075789
3.237634
0.134700
-0.284036
-0.266701
-0.421552
-3.577313
1.407265
0.563542
-0.859436
-0.354958
-2.558392
-2.363947
2.610783
0.915952
-3.237015
0.787063
0.260986
-0.275857
-0.630360
-0.785394
-0.864803
0.607593
0.686514
-0.139996
3.377988
-0.200940
1.035550
1.425742
-2.064825
-2.156463
0.122788
-2.678605
-2.425652
-2.447591
2.581662
-0.124627
-0.343080
0.328332
3.679396
1.222682
1.620102
2.676650
0.044116
3.458042
-0.771111
-0.806818
-0.865596
1.098937
1.752521
0.790222
2.224779
-4.671817
-1.470375
1.663971
3.203314
0.616156
-3.626814
3.954316
-0.318951
-3.324371
1.642368
3.105263
1.150163
2.595844
-0.194672
1.233642
-0.851689
0.756854
-0.991760
0.258839
0.816075
0.979297
-0.813525
1.212752
0.168432
-1.431454
0.706682
2.401191
-1.496742
0.090670
0.578173
0.921513
0.877478
-1.863075
-1.892114
0.455099
-0.759579
1.267110
0.240272
0.281813
-1.474261
2.068684
-0.364150
1.816154
0.374749
0.932947
-0.969237
0.741131
0.592395
-0.838150
0.695217
0.185602
0.259621
-0.995497
-0.185827
-0.054381
-0.231666
-0.898862
-0.657559
-0.962706
0.276589
-0.152928
-0.505762
-0.241005
-0.614188
0.033611
-0.066184
-0.129361
0.628224
-0.181824
-0.688130
-0.697378
-0.445418
-0.540757
-0.678579
-0.666494
0.520127
0.236000
-0.571520
-0.670766
0.695425
-0.117100
-0.011017
-0.914182
-0.712882
-0.004181
-0.432478
-0.148228
0.722709
-0.225684
0.121494
0.088107
-0.380047
0.361370
0.230689
-0.971007
0.355449
-0.609485
-0.294107
0.106113
-0.958617
0.302957
-0.110813
-0.701773
0.727042
-0.842837
1.093418
0.469506
-0.366741
0.022009
0.414684
2.045527
-0.761526
0.229641
0.985717
0.758882
0.332621
-0.802418
0.903120
-0.198218
-0.349101
-0.117726
0.313351
0.913975
-1.838873
0.039854
-0.221027
2.879684
0.455550
-0.412461
-1.078978
-1.438124
3.238665
-1.143486
2.433281
0.105532
-0.471426
0.766032
-0.851802
0.075754
0.477193
0.484268
-0.131443
-0.947946
0.632618
-0.484486
0.421022
-0.557659
-0.011903
-0.483444
0.288125
0.442832
-0.807200
0.762896
0.190953
-0.274854
-0.720662
0.195327
-0.482284
-0.674900
-1.047379
0.819504
0.923233
-0.139032
-0.569849
0.175203
0.358745
-0.642323
0.456954
0.099912
-0.759987
0.451588
-0.841914
-0.620730
0.454817
-0.409898
-0.647508
-0.871883
-0.264069
-0.250832
0.566332
-0.555284
0.053772
-0.422529
0.193521
-0.196531
0.351289
-0.955312
-0.708365
-0.205476
0.070066
-0.912900
-0.074740
-0.957884
0.886776
1.614481
-0.825547
0.013731
0.659352
-0.201683
1.562142
0.810870
-0.564703
-0.792459
0.199744
-1.718779
1.104292
1.576623
-0.110745
-0.534288
0.671194
-1.425611
-1.495149
1.563307
1.222275
0.717223
0.601061
-0.428805
-0.511460
-0.077832
1.284297
0.471684
1.189203
1.990131
-0.128633
0.041719
-0.777703
0.272378
-0.978576
-0.947935
-0.800348
-0.181310
0.435286
-0.813105
0.060701
0.255165
-0.381817
-0.491012
-0.561510
-0.781549
-0.948790
-0.599170
-0.290139
-0.995056
0.565538
0.209510
-0.688772
-0.127110
-0.316202
-0.526658
0.307962
0.584277
0.246376
0.293619
0.530381
-0.921834
-0.597363
-0.587881
-0.411176
1.151396
-1.246576
1.105247
-0.918153
0.709024
-0.847468
0.882652
0.210859
0.029439
0.874022
-0.709159
-0.245216
-0.603197
0.525115
-0.907367
1.037145
1.054124
-1.044363
-1.962408
0.949828
-0.354184
2.853889
-0.785522
0.751611
-2.380429
-0.260956
1.012521
-0.877119
0.230114
0.894772
0.789433
0.649080
0.715289
-0.808337
0.582586
0.962706
0.934242
-1.177194
0.306480
1.033930
-0.307901
0.533067
-1.744356
-1.182683
0.868716
-0.251219
0.556758
2.411741
0.098674
-0.345256
0.434831
-1.226971
-1.081847
-0.304456
0.361686
-2.000443
1.249750
0.191599
-0.304707
0.454085
-0.125001
1.035605
0.280152
0.096591
-1.149770
-0.544359
-0.546551
-1.300738
-0.657144
0.930148
-0.545152
0.844661
0.037107
-1.831142
0.181991
1.663922
0.252001
0.819067
0.913244
0.236244
-0.580172
0.101699
-0.366388
0.492842
-2.000025
0.593910
0.866843
-0.390152
-0.211050
0.862850
0.675580
0.482508
-0.795545
0.524673
1.024095
0.484909
0.235710
-0.562021
-0.381202
-0.785675
0.336100
-0.034700
-1.305628
-0.147747
-0.451816
1.675727
0.806330
0.800038
-0.663815
0.447432
0.666338
-0.525761
1.556996
1.932201
1.156227
-0.028335
-0.586474
-0.879452
-0.888058
-0.829340
-0.214331
-0.102023
-0.304117
0.877499
-0.331523
-0.896786
-0.070528
-0.601733
0.132786
0.555956
0.257241
0.689505
0.439314
0.084445
-0.637013
-0.807001
0.782830
-0.457259
-0.630848
0.487838
-0.412641
-0.824824
-0.006684
-0.929502
-0.585009
0.140721
-0.299418
0.116236
0.547002
0.010407
-2.011349
2.218445
1.408182
-0.949950
0.573565
0.526902
-2.140324
0.593577
-0.232125
-1.621875
-0.095370
-0.134007
0.776527
0.816003
-0.017814
1.700028
0.167172
-1.321634
-0.546371
0.804987
0.232157
1.460022
-1.181783
-2.801116
-0.580130
-1.323188
0.116779
0.680931
0.494275
0.003021
0.888962
1.439558
1.041693
0.857723
-1.884792
-0.866085
-2.545265
-0.833127
-0.630880
-1.756029
-0.916074
-0.517747
0.796507
-1.862356
-0.976360
0.639057
0.236683
-0.090322
-0.168597
0.455000
-1.159066
0.297392
0.431990
-0.263710
0.810147
-0.080538
-0.182608
0.590502
0.967101
0.462203
0.265294
-0.511835
-0.169680
-0.079501
-1.042343
0.228736
0.482503
-0.073109
-0.505505
0.108966
0.944639
-0.547411
-0.131615
-0.795473
0.259899
0.034253
-0.423366
0.265101
-0.368213
0.973510
-0.139613
0.019642
-0.898740
0.148259
0.576411
0.618885
0.265480
0.081515
-0.919546
-0.357219
0.458861
1.885468
-1.047612
-0.097201
-1.944514
-0.382550
-0.959272
0.347459
-0.449490
-0.165518
-0.698477
-0.073153
0.021865
-1.775714
-0.825789
0.065362
-0.129298
0.135901
0.801760
-0.004547
-0.650966
-0.879227
-0.030346
0.743828
-0.975573
0.215003
1.505818
-0.845400
0.882747
0.971313
-0.108059
0.001627
-1.170899
0.505492
0.950733
0.577013
1.110536
-1.729746
-0.192406
1.240292
0.238990
-0.936827
1.279765
-0.797452
0.412566
0.040642
0.382672
0.363763
-0.787893
0.614978
-0.079428
-1.535160
-2.130786
0.586381
-0.302283
-0.441649
-0.862362
0.090557
0.807245
0.104343
0.351798
-0.182226
-0.129146
-0.174725
-0.478892
0.802179
0.125271
0.408234
0.050414
-0.367568
-0.766472
0.059420
0.010307
0.207073
-0.764353
-0.595752
-0.097442
-0.094858
0.203404
0.950011
-0.960742
-0.898174
0.982424
0.750867
-0.939634
0.422344
2.238123
-0.869040
-0.536434
-0.457198
-0.338768
0.121670
0.912743
-0.087310
-2.284576
-0.360088
0.376791
-0.451202
0.665576
0.830851
0.425336
-0.950682
-0.986123
-1.759236
0.230986
1.393625
0.695143
-0.988683
-1.037532
-0.182470
-1.691879
0.682215
0.834886
-0.720349
-0.050457
0.887204
-0.837548
0.716544
0.641896
-0.915531
0.161596
-0.469527
-0.822267
-0.689627
-0.330195
-0.633436
-0.202888
-0.596249
0.543199
0.280801
-0.500229
-0.144810
-0.171373
0.555705
0.116550
0.119040
-1.021483
-0.674552
-0.286355
-0.091960
0.728314
-0.670095
0.026186
0.355083
1.487684
-1.630638
-0.277978
-0.722369
0.324320
-0.962871
-0.071502
-0.248930
0.629621
-1.618847
-0.862612
-1.986483
0.687223
0.594897
0.048128
-0.356281
-0.507188
-0.369793
0.128074
-0.212195
-0.229680
0.300994
-0.251307
-1.023768
0.625050
-0.505397
-0.764404
-0.102634
0.145324
-0.864371
0.660573
-0.215925
1.236990
0.346504
-0.488937
1.551487
0.310337
-0.232521
-2.492472
0.893674
-3.706045
0.910346
-0.481032
0.801282
0.366802
0.476504
-0.077949
0.897657
0.882337
1.528659
-0.695486
-0.392237
2.626640
-0.721275
0.626331
0.526352
-0.257533
0.791986
0.101884
-0.708914
0.018062
-2.237135
-0.352015
1.148164
0.910581
-3.730150
-0.700469
0.343914
-0.192224
0.754740
-0.310554
-1.936495
2.295444
0.275608
0.846614
-2.755230
-0.009944
-0.092135
-0.071048
-0.610767
-1.206864
-0.806801
-0.857700
-1.027579
0.188879
-0.961293
0.442604
-0.970129
-0.364299
2.771109
0.269875
-0.232891
1.815153
-0.060480
0.250099
-2.964710
0.665268
0.416608
0.997327
0.380352
-4.689930
1.761513
-1.920584
1.097805
-0.204932
-0.252026
-0.866619
-0.774529
0.111920
0.106047
0.703360
-0.940089
-0.915020
0.856885
0.975402
-2.362485
0.203675
0.727165
-1.779286
-0.170263
0.277096
0.313217
1.095992
2.178096
-0.158238
-1.433777
0.439170
-0.848455
0.616115
0.905049
-0.605457
-1.394731
-0.629339
0.190705
-0.293374
0.907326
0.735333
0.994934
-0.054693
-0.073702
-2.281794
1.727612
1.938746
0.993921
-0.598376
-1.428192
-0.395492
-0.375652
-2.749721
-0.416484
0.199866
-1.661401
0.297561
-0.856588
-0.477035
-1.619080
-0.774296
0.951141
0.455555
0.455184
-1.875060
0.265686
0.751739
1.135627
-0.657399
-0.465929
0.484225
-0.399155
1.500733
-2.463185
0.800836
-1.078278
-2.079847
0.851364
0.422895
-1.185520
0.684996
-0.509385
0.440127
-0.444136
-1.828688
0.877158
0.881727
1.146781
-0.629810
-0.955785
-2.343642
-0.540074
0.305987
-0.044765
-0.005219
-0.274275
0.292278
-0.660939
0.837031
-0.054411
0.315958
-0.434065
-0.615759
0.328104
-0.017469
-0.516647
0.754143
-0.878626
0.088961
0.150550
0.542405
0.204932
-0.000580
-0.570993
0.223365
-0.976623
1.596344
0.951714
-0.557787
0.117162
0.299415
0.972906
0.665800
0.347392
-0.683960
-1.103951
-1.428566
-1.394857
-0.103427
1.662533
0.620585
-0.655141
-1.362752
-1.284341
0.651600
-1.307941
-1.696512
0.986795
-0.411603
2.944947
0.086961
0.570116
-0.647544
0.153844
0.311089
-3.883051
-1.703639
-1.984694
-0.477767
2.589670
-3.139954
0.012166
0.476071
-1.705735
-0.885861
0.977640
-2.620367
0.990102
-0.348796
2.204957
0.585936
0.500839
0.130838
-0.224219
1.061994
-1.144167
0.714316
-1.694627
0.021638
-0.617642
0.853687
0.868375
-0.811464
-1.159876
0.217289
-1.208889
0.695188
-0.695915
-0.376812
1.618340
0.449578
-0.011994
-3.938062
-0.648976
1.087082
-2.788667
0.715981
1.739981
-0.957701
-0.071616
0.189853
0.717614
-0.654176
0.161756
-0.015587
1.087698
1.533448
-0.663086
-0.897249
-0.336894
0.559016
-1.383448
1.007339
-0.721993
0.153360
-0.544298
2.773879
0.911027
0.723678
2.344637
-0.855220
-0.591601
0.213242
0.664205
0.734980
1.404937
0.525448
-1.496120
-2.094610
-0.659658
-0.277373
0.230443
-2.069455
0.567390
0.988723
-1.678168
0.821861
-0.908456
-0.532212
-0.598616
0.566062
-0.939580
0.570626
-0.282571
1.771637
0.647968
-0.738910
1.146988
-0.187780
-1.095352
0.299603
-0.718323
-1.081202
0.984266
-0.459700
0.134378
0.422287
0.154163
-0.873897
0.162304
0.695464
-0.944338
0.223190
0.766739
-0.869887
0.690419
0.724334
-0.335441
-1.284619
-1.051632
0.373332
-1.066038
