5
3
10
16
20
16
2.371029
-3.022977
-0.566885
1.070018
-1.646400
3.289413
0.578458
2.116440
2.000692
3.131872
0.811291
-0.661082
-1.446842
0.232368
-0.792854
-0.990028
0.466335
-0.725872
1.545550
3.076370
2.238051
-0.910716
0.878943
3.625528
0.318938
-1.775002
2.362272
-1.081565
-0.009872
0.385059
-0.701080
-0.520408
-0.016932
-0.366123
0.118135
-0.120763
-0.515876
-0.668354
0.168433
0.343250
0.021033
-0.941994
-0.378597
-0.730490
0.182311
0.298087
-0.622304
-0.602950
-1.997778
-0.847313
-1.210649
0.048247
-1.005197
1.585333
-0.908008
0.101510
0.836545
-0.264417
0.410038
0.334114
0.067947
-1.003322
1.719023
0.925184
0.154019
0.091743
1.533284
-0.280638
0.124072
-0.525838
-1.045827
1.258446
0.664548
-0.710225
0.198943
0.121464
-0.663921
0.446073
0.531704
0.390243
-0.049153
-0.893335
-0.800729
-0.859785
0.769512
0.714650
-1.363983
-1.447238
-0.993984
-0.574649
-0.375859
-0.378892
0.416887
0.185427
-0.959334
-0.846416
0.941561
0.460356
-0.377291
0.677616
-1.321357
-0.746957
-0.412300
-0.040613
0.293028
0.957233
1.032799
1.683987
-1.400106
-0.514336
-0.814316
-2.168896
1.042454
-0.515413
0.699702
1.350401
1.483709
-0.651868
0.591999
1.098037
0.334059
-0.281782
-0.946544
-0.033892
-0.325700
0.854099
-0.024177
0.012841
-0.042206
0.753537
0.443944
-1.132499
-0.564349
0.362963
0.191876
-0.542601
0.114503
-1.962599
-1.213824
-0.792079
-0.848862
-1.813742
0.117773
-1.009209
1.046668
0.274917
-0.380428
0.011912
-0.274702
0.871483
1.783199
-0.015933
-0.184734
1.914665
-0.718825
0.222828
-0.221519
-1.525733
0.428294
-0.975922
1.013739
0.740327
-0.676587
0.932479
0.667041
0.088250
-0.791399
-0.795091
-1.282850
0.448576
1.807001
0.343999
0.449864
0.797196
0.009791
0.556238
1.018081
1.472893
0.145712
-0.460860
0.753147
0.682217
0.686936
-0.571940
-0.007278
0.917204
-0.687567
-0.189612
0.239244
-0.609545
-0.769014
0.001374
-0.544188
1.565883
0.897499
0.650954
0.861715
1.092312
0.384984
-0.467659
0.319760
1.115645
0.578319
-0.648591
1.655292
0.743034
0.586922
-1.573525
1.174965
1.645177
-0.708087
0.463904
0.270241
-0.496834
-0.435163
-0.148817
-0.676208
-0.183960
-0.218599
-0.608103
0.696453
0.126516
-0.023060
-0.161274
0.166663
-0.151525
0.401702
1.834148
0.203857
0.746757
0.113476
0.033433
-0.414968
-1.716289
-1.680432
-0.934297
-0.157160
-0.604899
-0.070460
0.694175
-0.887260
0.859697
0.351516
-0.650252
0.407766
-0.350215
1.003074
0.511803
-0.256145
-0.024211
-0.279936
0.886535
-1.032105
-0.154661
0.092718
1.564503
0.136126
-0.149463
0.566829
1.160742
-0.050523
-0.077363
0.078882
-0.909883
0.078836
1.021398
-0.837293
-0.196690
0.564218
0.175393
0.741964
-0.819540
0.273499
0.082250
0.004197
-0.284622
-0.764127
0.479606
-1.535505
-0.413299
-1.340582
-0.921530
-0.314159
0.548091
-0.509176
-0.794982
-0.453985
0.490886
0.261993
-1.345996
-0.501907
1.078580
-0.013044
0.664259
0.777981
0.468460
-1.111031
0.040644
0.821729
-0.700004
-0.197551
0.823159
0.217686
-0.486115
0.300923
0.195146
-1.266542
0.414306
0.389391
0.920557
1.293067
0.027451
-0.300488
-0.785261
0.962830
-0.781976
0.941644
1.046472
0.148221
1.416518
0.853431
1.003587
-0.522413
-1.255776
0.173254
-0.275759
1.023184
-0.393933
-1.084731
-0.376078
0.017530
0.838907
-0.280164
-0.358400
-0.349410
0.497327
0.621072
0.823497
0.534728
-0.340880
-0.807257
0.039136
1.006419
-0.428822
-0.322871
-0.057261
1.631100
1.002170
-0.480712
-1.024867
-0.449491
0.550146
-0.024520
1.020422
0.071319
0.433501
0.766265
0.419294
1.421994
-0.614799
0.002158
1.044177
0.106750
-0.143902
-1.210504
0.080062
0.844329
-0.073206
0.695403
-0.349772
0.684475
-1.070816
0.003610
1.186326
-0.964781
-0.781812
-1.183765
-0.899437
0.295843
-0.588927
-0.927552
0.795442
1.132014
0.960525
0.303486
0.495804
-0.535823
0.620142
0.596148
-0.658855
1.655562
0.653348
1.426167
0.868171
0.200842
-0.265923
0.779766
-0.990310
-0.599737
-0.856490
-0.490048
-0.057857
-0.261691
-1.343204
0.251263
-1.132225
-0.212122
-1.100886
-0.438649
-1.050822
1.226782
-0.253876
1.466365
1.183507
1.015882
0.483677
1.110256
1.402552
0.215133
0.418280
-0.203078
0.675882
1.344748
0.095245
0.223611
0.012572
0.671488
0.478671
0.090885
0.673212
0.229796
0.895849
0.979563
-0.248081
-0.925944
0.145751
0.719360
0.077228
-0.800945
-0.026449
-0.020418
-0.996583
0.350465
0.289213
-1.523066
0.224057
0.228146
-0.369187
1.105516
-0.678741
-0.664723
0.708220
-0.899468
-0.923590
0.391116
-0.413412
1.340926
-0.168172
1.640318
0.942337
-0.520199
0.247612
-0.266930
0.373808
-1.421462
0.214186
-0.063664
1.238864
-0.298880
-0.963701
-1.515218
0.392694
-0.549794
-0.228656
0.091205
0.062729
-0.354590
-0.810900
0.865250
1.144875
0.457239
-0.834685
-0.733356
-0.825904
0.295116
-1.187180
-0.920290
-0.639608
0.553222
0.796304
0.836506
-1.320439
1.683839
-0.317608
0.890859
1.238067
-0.196924
-0.281825
-0.711800
-0.295486
-1.010499
1.532105
-0.295314
-0.559505
0.479212
0.405818
0.759417
0.474491
1.071551
0.061696
0.858310
0.402597
-0.362642
-0.794593
0.389558
0.304593
-0.139478
-0.295178
-0.014185
-0.136292
0.163947
-0.724929
0.834604
-0.001205
0.385011
-0.626798
1.051092
-0.933470
0.995803
-0.393943
-1.069358
-0.983991
-0.919342
-0.858887
-0.276086
0.881637
0.441849
-1.210891
0.763371
0.318026
-0.694510
0.123611
1.273960
-1.039437
-1.049918
0.885116
0.363976
-1.140163
1.539961
-0.086818
-0.960825
0.464090
0.214016
-0.808494
1.148997
0.069533
-0.085699
-0.272494
0.316772
-0.516082
0.872117
-0.003131
-0.492460
-1.052480
-0.780354
-0.567359
-1.287847
1.269863
-1.285287
0.193993
0.913482
0.028618
0.353394
0.056178
0.793313
-0.810345
-0.553914
0.156968
0.543049
-0.984073
0.310613
-0.108465
-1.531307
1.112898
0.765979
0.098543
0.230553
0.293199
-1.158512
0.412186
0.144130
-1.265825
-0.562238
-0.205555
-1.377714
-1.330878
1.143342
0.805775
0.911734
0.505105
0.632202
-0.204783
0.365508
0.934641
0.655728
0.679132
-2.089684
-0.477494
0.020218
0.702117
0.090157
1.107214
0.965155
-1.055546
-0.568284
0.990828
-0.455870
-0.590003
0.437000
-0.152412
0.997212
-0.325409
-0.436795
-1.475831
0.655268
-0.519577
-0.384367
0.551629
-0.114963
0.009180
1.949117
0.992219
-1.013869
0.667787
0.089347
-0.358059
-0.202780
-0.419842
-0.169397
0.196747
-0.747706
0.965449
-0.692554
-0.155613
-0.394859
-0.949798
0.076195
0.424922
0.387833
0.510386
-0.998829
1.159872
0.232391
-0.557612
0.149332
1.241994
0.925014
1.017169
-0.531983
0.720719
1.013880
0.767033
-0.716506
-0.821014
-0.449496
0.054740
-0.487151
-1.570266
-0.156106
-0.024069
-0.452196
1.383391
1.298047
-0.423742
-0.462467
0.876153
-1.260007
0.051816
0.813685
0.929341
-0.792284
-0.642331
-0.583919
0.310319
-0.695343
-1.950997
-0.172994
0.139268
1.168694
-0.344234
-0.174437
-0.128158
-0.707377
-0.785379
-0.271490
-0.069735
-0.547399
-0.693790
-1.405828
-1.069847
-0.476645
-0.688572
-1.329399
1.818421
0.155162
1.053595
0.674650
-0.311457
0.398481
-1.633684
0.125926
-0.064743
0.818970
-0.097487
1.029529
0.848460
-0.269042
-1.776172
0.186005
1.153444
-0.724285
0.105452
-1.031487
1.437455
0.479291
0.160354
-0.096523
1.463545
-1.552286
-1.038295
-1.599994
-0.846527
-0.203876
-0.409174
0.464365
0.870896
1.130710
0.773173
-0.284016
-0.227732
-0.302474
-0.616619
-1.006713
0.512971
-1.324833
-0.454901
0.051432
0.205656
1.482448
0.531748
-1.294702
-0.544004
-1.255922
0.663818
-0.833748
-0.138952
-0.714195
-0.897468
0.871935
0.620674
0.846024
-0.163800
-1.183154
-0.434059
0.975813
0.033195
1.159236
0.076623
0.193011
1.058235
0.900958
-0.295285
-1.361588
-0.775895
-0.209100
-0.746180
1.140351
-0.647109
-0.556350
0.645593
1.293173
-1.270863
0.291222
-1.113937
0.617657
-0.350668
0.864959
1.096331
-0.126282
1.261182
0.266615
0.075753
-0.048147
0.800891
-0.224079
-0.647156
0.364398
-0.437794
-1.421712
-0.190477
0.389688
-1.208585
0.831646
-0.638814
1.147100
1.266188
0.053040
0.792884
-0.169538
0.059515
-0.849463
-0.829434
0.928975
0.727563
-0.193804
-1.295469
0.162936
0.074437
0.905090
0.611642
0.571338
0.149960
0.892072
-1.267974
0.819021
0.553874
0.795351
-0.702146
-0.795116
-0.324824
-1.110508
-0.354092
-0.673410
-1.208133
-0.014292
-0.688086
-0.172595
0.575551
-0.917618
-0.339682
-0.485166
1.890329
0.149060
-1.069571
-0.628161
1.014999
0.230603
0.562249
-1.781868
-0.033045
-0.346483
-0.698909
-0.101680
-1.075510
-2.814940
-0.960308
-0.414974
-0.707504
0.744209
-0.235536
0.229908
0.678493
0.526497
-0.495986
0.194668
0.120787
-0.570111
-0.164459
-0.251130
0.466359
-0.493790
1.095602
-0.553038
1.169883
-0.224525
-0.278428
-0.481143
0.048218
0.113179
-0.411261
-0.024566
-0.435314
-0.322495
0.189932
-0.071893
-0.128674
0.793711
0.362394
0.060235
0.082313
0.188287
-0.047012
