5
3
10
16
20
16
-0.307017
-0.897764
2.810558
2.293213
-2.436856
1.293615
1.649587
3.086964
3.478355
-0.244379
0.287375
0.539147
-0.916026
0.442253
0.961850
0.337224
3.175386
-1.080998
-0.540775
-0.892213
-0.795680
-0.410087
-0.233483
-0.160394
-1.241441
0.070811
-1.547546
-2.666624
-0.243567
1.962746
-0.853072
0.220820
0.778267
0.062794
-0.195622
1.611679
-0.214855
0.646978
-1.026116
-0.273523
-1.160321
-0.190681
-0.969057
-0.589814
-1.017721
0.034405
0.541075
-0.011872
1.257913
0.769850
0.375076
-0.753428
0.261786
0.449324
0.776769
-0.330316
-0.880036
0.455145
0.784098
-0.003081
0.641507
0.978500
0.232386
-0.559068
-1.037213
-0.114569
-0.971394
-0.037645
-1.416089
-1.630937
0.506844
1.445580
-1.651941
-0.648467
-0.237906
-0.427332
0.952558
-0.441804
0.341036
1.172010
0.768958
-0.511752
0.659568
-0.783815
-0.579859
-1.387401
-0.480698
-0.628040
0.270745
1.087106
1.270623
1.213630
-1.252118
0.722286
0.469736
-1.046573
-0.173707
-0.686606
-0.804795
0.266170
-1.078617
-0.620783
-0.303073
-0.070535
-0.101927
1.587319
0.326368
-0.722318
0.109035
0.449594
-0.014460
-0.694788
0.382751
0.622535
-0.146028
0.535272
-0.991412
-0.932423
0.475755
1.055385
-0.043100
-0.604579
0.298799
0.103124
0.443594
-0.008065
1.046792
-0.040390
-0.304686
-0.055246
-0.889420
-1.277723
-0.260947
-0.456232
0.236207
0.753877
0.587298
-0.080478
-0.292753
-1.048886
-0.079641
1.635852
1.042866
0.134812
1.141902
-0.610788
0.796854
0.947332
-0.727123
-1.714578
1.541082
0.956875
1.668436
0.910732
0.939244
-0.381781
0.360747
0.339411
-0.263289
-0.145435
-1.112298
0.830476
-0.983907
-0.105906
-1.312212
0.227048
-0.166699
0.083679
0.714540
-0.740106
-0.559750
0.082549
-0.403865
-0.162231
0.747752
-1.389258
-0.510312
1.113333
0.495673
0.938922
-1.249559
1.309830
-0.924427
0.530820
0.423925
-0.497428
1.080582
-0.881582
0.906319
-1.492337
-0.496911
0.546082
-0.500249
-0.285588
-0.321958
-0.830063
-0.688758
-0.418763
0.841589
-0.864904
-0.181495
1.097814
1.512692
-0.479595
0.439239
-0.941454
-0.558026
0.004358
0.936150
0.317067
0.843827
1.180569
-0.215487
-0.518825
0.596994
0.106234
0.787976
-1.359500
1.328021
-1.828054
1.303348
0.624223
-1.069277
-0.597757
0.561588
0.398089
-0.771469
0.660383
-0.546588
-0.737137
-0.286001
-0.246366
0.946045
0.905443
-0.282769
0.637773
0.776328
0.155786
0.287196
-0.228934
-0.540190
-0.122216
1.091148
-0.142577
0.656813
0.674596
0.413602
0.445716
-0.814809
-0.018804
-1.148941
1.530909
0.204252
-0.645475
0.544447
-1.106824
0.143584
-0.116399
-1.222884
-0.401829
0.119059
0.765692
-0.051388
-0.263973
-0.823487
1.535740
1.097960
0.472920
-0.803237
-0.913140
-0.495960
-0.292998
-0.236030
0.186085
1.229332
0.827460
1.756237
-1.418672
-0.806195
-0.571529
0.402173
1.347274
0.719910
-0.917217
0.281388
-1.198830
-0.735480
0.390491
0.426335
0.067185
0.807969
0.733396
1.207040
-1.383548
-0.551604
0.458285
-0.523521
-0.049587
0.513514
0.986049
-0.444930
0.994648
-1.006817
0.684783
-0.868923
-0.355419
-0.771611
0.015159
-0.352138
-0.682014
-0.265763
0.750430
0.656779
0.811392
0.159253
0.314066
0.658012
0.920958
0.443984
-0.527119
-0.927098
1.178440
-0.330938
1.443857
-0.688942
-0.249728
0.594120
-0.307333
-0.878188
0.585521
0.118225
-0.667822
-0.870549
-0.161620
0.266409
0.629179
0.758087
-0.651733
-1.387054
0.447485
0.050161
-0.500382
-0.557046
0.575642
-0.806544
-0.715622
0.867550
-0.882651
0.729382
-0.818139
1.056746
-0.043988
0.148206
1.770922
0.029603
-0.989278
-0.188191
-0.093285
-0.219772
-0.477209
-0.145296
-0.430342
0.120881
-0.110083
0.328048
1.537063
-1.414044
1.479891
-0.619871
1.171836
0.233025
-0.436575
-0.702611
0.696037
-0.275546
0.785982
0.652248
-1.068237
0.120174
-0.056731
0.020691
-0.620033
-1.031727
0.422415
0.644618
0.895070
-0.237632
-0.056442
-0.957331
-1.091795
-0.826581
0.965152
-1.075034
0.272302
-0.852064
-0.221286
0.362025
0.652742
-0.649105
0.788880
0.158289
0.847309
1.163254
0.068103
-1.094033
-0.498326
-0.847249
0.223539
-0.784866
1.267484
0.017769
0.748866
-0.729438
-0.389836
0.868501
-0.708346
0.030082
-0.650433
-0.815932
-0.142353
0.109639
0.192030
-0.690935
0.323601
0.445093
0.065200
-0.393241
-0.519674
-1.050459
0.810026
0.101527
-0.353592
-0.208241
-1.028714
0.526466
-0.421983
-1.050093
0.883110
0.512448
0.711252
-0.489830
-0.234836
-1.036703
0.981309
0.824172
-0.980413
-1.196623
0.338682
-0.890773
0.062097
-0.396698
-1.110401
0.574954
-0.185449
-0.773172
0.841423
-0.794447
0.435777
-0.932388
0.681168
-0.947340
0.986091
-0.794817
0.417848
0.538073
-0.185613
0.324528
-0.144410
-0.886455
-0.685380
-0.440991
0.827034
-0.271393
-0.962334
0.146648
0.023810
0.655488
0.760677
-0.778336
0.320244
-0.877471
0.660084
0.229399
0.024389
0.167520
0.977483
-1.135165
-0.947419
0.279466
-0.103685
0.221316
0.236536
-0.665217
0.354471
-0.393079
0.061528
0.679207
-0.855221
-0.115315
0.581906
-0.120579
0.309234
-0.682461
0.779278
0.920681
0.825306
0.250496
-0.196742
0.182995
0.207877
-0.825150
-1.212768
0.260269
-0.895770
-0.049616
-0.844250
0.002283
1.084720
-0.044005
0.782307
1.170398
-0.001923
0.879497
0.258452
-0.323938
-0.232263
0.211978
-0.109391
-0.051858
0.656619
-0.875659
-0.770159
0.529965
0.748690
-1.568309
-0.006606
-0.526588
-0.338476
0.331591
-0.413589
0.332604
0.115873
0.868458
0.164823
-0.864137
-0.102340
0.517744
0.887925
0.372341
0.492595
0.812799
0.775947
-0.566589
-0.073232
-0.309238
-0.380609
0.553928
0.133602
-0.926133
-0.871854
-0.581187
0.975608
-0.744381
-0.605001
0.460625
0.295103
-0.183020
0.670167
-0.459368
-0.024585
0.822867
0.120579
-0.114188
-0.286008
1.338820
-1.023298
-0.316393
-0.069444
-0.094418
0.219979
-0.587863
-0.520029
0.551249
-0.248160
-0.697798
0.037837
-0.601771
0.553382
0.082100
0.203351
1.376671
-0.881277
0.938193
0.378686
0.167642
-0.671804
-0.529064
0.704216
0.404366
-0.933593
-0.335455
-1.326103
-0.568564
0.371998
1.225838
0.698323
-0.863062
-1.169065
-0.713860
-0.751031
-1.061623
0.097624
0.127599
-0.474778
0.395469
-1.042629
-1.292561
0.409544
0.222560
0.974497
0.091565
0.764775
-0.066961
-0.800691
0.921012
0.096117
-0.488717
0.389207
-0.667089
0.782029
1.132270
0.111795
-0.600904
-0.944742
0.994775
-0.202588
-0.022255
-0.781749
0.341197
0.303221
-1.188856
0.402772
0.066510
0.422833
-0.038909
-1.294925
-0.022651
0.928771
-0.515178
-0.526065
-1.090458
0.659694
0.447767
-0.211509
-1.058922
0.881282
-0.972596
-0.357810
1.416598
-0.622185
0.375219
-0.056308
0.453440
-1.701548
0.893388
-0.374817
-0.832220
0.707677
-0.152559
0.790571
0.866018
-0.005009
0.445133
-1.680295
-0.030396
0.939906
0.131847
0.439947
0.402429
0.433723
-0.216931
0.710502
-0.724379
0.852707
-0.234982
0.553068
0.535100
1.198257
-0.443201
-0.052852
0.273954
-0.063696
-0.549270
0.198761
0.286210
1.640306
1.215500
-0.569687
-0.585031
-0.912371
-0.102318
-0.861868
0.062144
0.142618
0.324049
-0.491557
-0.250641
-0.506076
-0.363726
-0.458246
0.303646
1.280404
0.392912
0.251640
-1.009431
0.428047
1.555213
0.580934
-0.888857
0.805855
0.013076
0.538381
0.018224
-0.364714
-0.687011
-1.311348
-0.481955
-0.059190
0.429433
0.072640
-0.277319
-0.713303
-0.264305
-0.082365
-0.989649
1.788619
0.214672
-0.732329
0.055973
-0.110203
-0.787378
0.260889
0.900043
1.436876
0.952516
0.385430
0.900326
0.727552
0.750096
1.025896
-0.314412
-0.234030
-0.439533
-0.227962
-0.612956
-1.588446
1.042676
-0.992080
-1.050476
-0.615563
1.433383
-0.955537
0.987493
0.621041
0.476927
0.238944
-0.898221
1.446109
0.232130
-0.896856
-0.621509
-1.153500
-0.689321
0.349863
-0.436508
-1.382928
0.832680
0.438854
-1.621949
-0.684716
0.289037
1.322481
-0.407636
0.516947
0.969988
0.491407
1.223266
0.799349
0.241173
-0.793766
-0.239662
-1.778986
-0.764994
0.940909
-0.826330
-0.348542
0.387180
-0.382301
-1.341240
0.729131
-1.655416
-0.274116
-1.012656
0.169492
-0.448808
1.138044
0.526912
0.593630
1.058662
0.292179
0.986998
-1.001310
-0.701949
1.128369
0.591131
-0.729612
0.156435
-0.487158
-0.254048
0.757994
-0.309234
-0.275992
0.719936
-1.168683
0.586496
1.101989
0.737868
0.707964
-0.000527
-0.834832
-0.567836
-0.357040
0.379088
-0.892356
-1.252023
0.279398
-0.126369
-0.716864
0.072737
2.397489
0.290920
0.314797
-0.017936
1.063618
1.421795
0.989305
-1.520026
1.302865
0.322089
-0.762218
0.115943
-1.488111
-1.345688
2.120338
0.462194
0.797128
-1.196681
0.308217
0.090231
0.739745
-0.875883
0.377319
0.696850
-0.010725
0.137667
0.354536
1.218818
0.717990
0.266771
0.991898
-0.480159
-0.808486
0.593455
0.032027
0.441590
-0.212150
-0.058389
0.819232
0.353000
0.531173
0.940018
0.182191
-0.065913
-0.244354
0.264494
-0.826650
0.151698
-0.764851
-0.917772
-0.600059
-0.167774
1.110977
