5
3
10
16
20
16
0.428938
-0.111850
-0.199194
1.210727
-2.141819
1.145080
-0.806146
0.793146
0.070589
-0.445155
-4.038328
-2.301658
-0.941038
0.417035
-0.734306
-2.594366
-0.659613
0.695199
-1.206233
-0.239099
-2.546194
0.523313
-1.160349
2.229140
-0.730277
-0.137974
0.069735
-0.586047
0.716422
0.091952
-0.804804
-0.190499
0.691092
1.740103
-0.749138
-1.399581
0.586528
-0.552559
0.761223
-0.346171
-0.174474
1.799488
0.981017
-0.472535
-0.980895
0.291494
-1.672475
1.258702
0.840632
0.038118
-0.309915
-0.796519
-0.033479
0.328443
0.388836
0.186385
-0.130017
-0.035439
0.183020
0.608264
0.712943
1.497302
0.554247
0.832235
0.348308
-0.116454
-0.417789
0.617002
0.539232
-0.847346
0.031465
0.624630
-0.087374
-0.603520
0.283853
0.759912
-0.960883
-0.350924
0.537217
0.344768
0.579211
-0.428748
0.475387
0.318465
0.898740
-0.411303
0.604793
-0.847728
0.401105
-0.125156
-0.179052
0.807218
0.954039
0.135797
0.845332
0.363512
0.546116
-1.511223
0.708792
-0.970519
-0.538316
0.032067
-0.269448
-0.541467
-0.601917
0.642230
-1.229615
1.077021
-0.352580
0.838557
-0.736991
0.210056
-0.153356
1.277847
-0.878536
-0.835389
-0.209129
0.109096
-0.831660
-0.912656
-0.424604
-0.624280
0.060640
1.190690
-0.225379
-0.183979
0.856749
-0.326034
0.539048
-0.799982
0.073336
0.943894
0.354045
1.821809
-0.115696
-1.056169
-0.411057
0.184996
0.295083
0.484115
0.715323
-0.874211
-0.915220
-0.904566
-0.233619
0.602121
0.521853
-0.069448
0.755181
-0.249428
-0.608814
0.035959
0.958312
1.692488
-0.470565
1.530622
-0.384026
-0.250226
-0.672720
0.122105
-0.680410
-0.541481
0.364971
1.255067
0.003693
1.049277
1.208554
-0.672607
0.058077
-0.826838
0.258278
-1.084286
-0.330912
0.642322
-0.143529
0.470547
0.079177
-0.587458
-0.493820
0.662160
-0.745354
0.912331
0.974792
-1.504005
0.626514
0.367797
0.013568
1.030789
-0.695120
-0.743156
-0.788802
1.232214
1.094460
-0.214630
0.657012
0.446791
-1.357739
1.298453
-0.417615
-0.291102
-0.813043
0.719807
0.502761
0.426017
-0.110658
-0.606625
-0.526951
0.399524
-1.055328
-0.058846
-0.385907
0.096135
0.439643
-0.426117
0.260137
-0.971909
0.413095
-0.307114
-0.797407
0.628015
0.759880
-0.516998
-0.021882
0.099704
-0.887387
0.486557
0.488632
-0.975829
0.052950
-0.721915
-0.985168
-0.471908
-0.062105
0.499496
-0.477218
-0.914609
-0.770562
-0.886654
-0.926661
-0.364727
-0.221329
0.051241
-0.829768
0.876013
0.906533
0.275525
-0.300035
-0.661924
0.639515
-0.631243
-0.179615
0.054368
-0.432017
-0.424395
-0.652518
-0.377062
-0.109282
-0.469106
0.366401
0.816718
-0.699355
0.899294
-0.018795
0.147263
0.541535
-0.956347
-0.549140
0.757581
-0.097637
0.343111
-0.788458
-1.087211
-0.181300
0.632118
0.850757
-0.126819
1.086142
0.023645
0.643759
-0.383637
-0.223892
-0.955255
-0.256994
-0.535097
-0.477279
0.684426
-0.290017
-0.818842
-0.150792
-0.103671
0.713431
-0.950194
-0.311563
-0.203162
-0.504257
-0.963744
-0.627186
-0.121433
-0.353557
-0.005402
0.474105
0.025239
0.266870
1.230249
-1.003238
0.972684
0.610558
-0.384283
0.449758
0.822346
-0.575964
0.998229
-1.071088
-0.626817
0.973407
1.079523
0.246895
0.602461
-0.961489
1.134949
0.578496
1.246621
-0.986923
-0.202327
0.206526
-0.592224
0.187095
-0.915845
0.032960
0.839359
-1.266122
-0.114196
0.944264
1.005115
-0.739588
0.041891
1.142920
-0.851827
-0.530046
-0.042645
1.065566
-0.689250
1.112628
0.180191
-0.427027
-0.629649
-0.020124
-1.405930
-0.407009
-0.537880
0.229522
0.454023
-0.607391
0.715122
-0.175734
-0.087762
0.886086
-0.116009
-0.341660
0.317520
-0.014143
0.065428
-0.583342
-0.242653
0.950030
0.361952
-0.525829
-0.637015
0.802121
0.073679
-0.494009
0.596362
-0.995590
0.338302
-0.732488
-0.933164
0.715956
0.313371
-0.264233
-0.367759
-0.752678
-0.509962
0.717460
-0.661733
-0.941710
-0.428755
0.750786
0.845149
-0.701102
-0.180273
-0.667531
0.403729
0.856319
0.014618
-0.552171
0.055574
-0.385174
-0.523911
-1.364538
0.931697
-1.234764
1.186616
-0.131366
0.937116
0.281687
-0.603081
0.695921
-0.653665
1.056262
-0.165137
1.134491
-0.474778
0.278140
-0.300523
-0.795951
-0.897021
0.795736
-0.424597
0.467550
-0.703162
0.022240
0.215911
-0.016433
0.296418
-1.171101
-0.536690
0.373405
1.096276
-0.050624
0.908941
-0.425224
-0.953440
-0.121858
-0.987880
0.749809
0.777429
0.223937
-0.678706
0.697711
0.706081
0.833013
-0.145730
-0.855864
-0.364735
0.202604
-0.747490
0.229014
-0.542189
0.886439
-0.715561
0.714224
0.782006
0.815312
-0.250981
-0.888613
-1.318525
-0.596025
-0.499167
0.006894
0.149304
-0.949774
-0.245411
0.178063
0.858849
-0.234473
-0.393528
-0.567653
0.886321
0.137316
0.695879
-1.040160
0.913294
0.287166
0.602027
-1.146962
0.987940
0.420694
1.566190
0.993403
-0.245678
0.139997
0.684830
0.285338
0.844625
0.533234
-0.651624
0.983260
0.588377
0.092718
-0.513917
-0.681396
1.285959
0.376412
0.099025
1.011562
-0.791420
0.007432
-0.215901
0.238775
0.638305
-0.799444
0.002668
0.385049
-0.207206
1.139023
0.654643
1.017621
-0.770380
-0.864241
1.175853
-0.477039
0.545335
0.374310
-0.668120
0.784228
-0.152793
-0.802362
0.253366
-0.250619
1.431052
0.800234
-0.689794
-0.619373
0.139507
-0.984459
-0.557872
-0.098426
-0.091326
-0.371252
1.220552
0.143393
0.829157
0.613758
0.547655
-0.286355
-0.464791
0.169164
-1.669961
-0.378128
-0.203229
0.320239
0.879827
0.861812
-0.451801
0.580492
0.822551
-1.266223
-0.430458
0.853167
0.738884
0.214607
0.313333
-0.720817
-0.783624
-0.346942
0.192213
-0.930662
-0.029388
0.149090
-1.176115
0.798759
-0.801049
-0.435530
-0.392772
0.937280
-0.038423
-1.052768
-0.631417
0.133985
-0.904365
-0.143409
-0.515854
-0.192480
-0.658864
0.653920
-0.299824
0.429792
-0.836896
-0.407452
-0.860396
0.641448
0.714225
0.949156
-0.562684
-0.411336
-0.694690
-0.615487
-0.396946
-0.005340
0.221412
-0.786654
0.456207
-0.549364
-0.687490
-0.241393
0.989333
-0.384320
-0.412429
0.313018
0.888768
0.900519
-0.845695
-0.658437
-0.492467
0.337335
0.837973
0.641199
-1.546140
-0.662418
0.328040
-0.466923
-0.025422
-0.466353
-0.327312
-0.174902
-0.405166
0.728874
-0.535555
-0.678573
0.610027
0.227163
0.703848
0.419721
0.824907
-0.751077
-0.139256
0.568053
0.579838
-0.803070
-0.218804
-0.212902
0.453273
-0.439558
0.472518
1.113339
0.920968
0.170263
0.018412
0.055153
-1.193302
0.423377
0.955969
-0.046052
-0.443452
-0.228768
-0.637013
-1.111509
1.133916
-0.937959
0.960665
1.309044
-0.603449
0.229774
-0.950561
0.235137
-0.353319
-0.074435
0.670247
-1.522398
0.682127
0.681122
0.453915
0.364299
-1.264694
-0.723231
0.120992
0.538228
-0.891305
-0.882577
0.298482
0.167004
0.483897
-0.576586
0.024567
-0.100375
-0.191837
-0.364605
0.690700
1.399458
-0.652494
0.923443
0.202406
-0.344279
0.009875
-1.451627
0.018739
0.346028
-0.924565
0.713465
0.104545
-0.080613
0.627609
0.230384
-0.461544
0.480530
0.013954
-0.485946
0.762203
-0.216127
0.731660
0.924034
0.358824
0.295816
1.721277
-0.532867
-0.909335
0.231636
0.195347
-0.362479
0.794020
1.229815
0.397259
-0.932493
-0.862117
-0.190220
0.704792
-0.822687
1.295797
-1.432844
-0.806775
-0.389694
-0.255050
0.595630
0.874508
-0.781716
-0.955743
-0.825330
-0.612204
0.041825
0.786210
0.026261
-0.055821
0.961852
0.180761
-0.491257
0.038451
0.443953
-0.607653
-0.199724
-1.019516
-0.169474
0.649953
0.157262
1.758373
0.213882
0.881871
-0.114410
-0.054363
0.386684
0.478791
-1.026936
-0.033779
0.054048
0.573901
-0.113254
0.653051
-0.828486
-1.404418
-0.798749
0.357537
0.526201
-0.154541
-0.049898
0.250145
-1.133897
-0.370870
-0.423686
-0.675096
1.112946
1.256335
-0.421001
-0.159150
0.388043
0.652934
-0.477371
0.709041
0.190405
0.095239
-0.758350
-0.801190
-0.417656
0.923093
0.579089
-0.930010
-0.789104
-0.158949
0.483302
0.671642
1.524629
0.460050
-1.534542
0.333367
-0.951964
0.032501
0.009391
-0.717190
0.397870
0.644395
-0.617435
-0.208315
-0.530583
-0.305886
-0.694082
0.403361
0.575016
0.642263
-0.442486
0.048071
0.694163
-0.334834
-1.478436
-0.834291
0.705496
0.252358
-0.613748
-0.603916
0.074496
-0.672242
0.357127
0.581984
0.669395
-0.516021
-0.612415
-0.657433
0.321566
0.697652
0.955449
-0.455763
0.866711
-1.056282
-0.747612
-0.973402
-0.219703
1.787984
-0.815851
2.261354
0.950558
0.530832
-0.033174
-0.361064
-1.220967
-0.305340
2.074541
-1.010110
-0.769339
-0.675554
1.001027
0.198102
0.319753
-1.627777
-1.362635
-0.934123
-1.309279
-1.031298
-0.877604
-0.188064
-0.151879
0.260691
0.466109
-0.772315
-1.094616
1.095726
-0.847530
-1.372113
1.354561
1.198797
0.506579
-0.837381
-0.268960
-0.438367
0.848532
-0.585418
0.799838
0.216469
-0.564569
-0.423348
-0.657035
0.377839
-0.970242
0.610202
0.791382
0.267594
-0.683458
0.371231
-0.894492
-2.069592
-0.254330
-0.140671
0.329260
0.190369
-0.827964
0.447684
