5
3
10
12
20
16
1.808588
-2.844964
-0.214625
3.694922
1.323817
1.124819
0.083532
-3.052012
-4.221022
-0.959954
-0.829602
1.908140
-0.631021
-0.360652
0.354345
1.437586
1.690830
-2.087500
-0.185709
-2.390898
1.448673
-0.998789
2.223257
1.540093
-1.341211
1.135264
-1.029906
-0.118464
-0.403531
0.340237
-0.765548
0.980219
-1.880097
-0.496909
0.524971
-1.562335
-0.884091
0.884228
-1.215092
0.013285
-0.334124
-1.024079
-0.222040
-1.130428
0.131759
0.580577
-0.371441
1.362202
-0.541686
-0.190705
-0.146966
-0.773770
0.470151
-0.483005
0.345795
-0.478492
0.847558
0.915174
0.135540
-0.293339
0.345601
-0.551046
-0.211988
-0.780019
-0.346248
0.188777
-0.297396
0.472349
1.501777
-0.813727
1.574537
-0.850522
1.882357
-0.813551
0.954449
0.145972
1.516256
-1.149911
-0.445410
-0.953050
-0.571568
0.037430
1.064109
-0.810438
0.541854
-0.726755
0.483472
-0.083397
-0.289737
0.699966
0.273895
1.130780
-1.694392
1.313277
0.098703
0.966727
1.083499
-0.774981
0.034471
0.239581
0.786558
1.613962
0.605079
-1.280259
0.426753
1.252838
-1.017696
1.639491
-0.171013
0.617903
1.197442
2.036939
-0.631309
-0.364754
0.727659
-1.548109
0.457430
0.665020
-1.075964
-0.029763
1.860073
0.780008
1.206599
0.158301
0.881969
0.577075
0.393803
1.184080
1.203486
-0.318100
0.474855
1.904948
-0.676782
0.347281
-0.109264
-0.315555
-0.150773
0.593270
-0.627219
0.035228
-0.022359
-0.998663
-0.497178
0.364092
0.150088
-0.343404
-0.720971
-0.002875
0.925006
0.194230
-1.027229
0.448652
0.299792
1.065978
0.221378
-0.087712
-1.192146
1.036023
-1.372711
-0.695298
-0.455774
0.369134
0.324121
-0.463766
0.858257
0.042963
-0.959505
0.804650
-0.674747
-0.201943
0.361176
1.024983
-0.221832
0.795880
0.674705
-0.398136
0.963888
-0.355497
-0.983162
-0.504508
-1.289383
0.203572
-0.337354
0.375807
0.598911
-0.465992
0.122368
-0.464326
-0.959459
0.241490
-0.197692
-0.016971
1.215604
-0.842453
-1.053001
-0.135499
-0.304479
0.289592
0.620303
1.010495
-0.137937
-0.661714
-0.654998
0.206004
0.213353
-1.017375
-0.815060
0.769286
-0.685471
0.217977
-0.004173
-0.061452
0.099353
-0.748943
0.204920
0.742015
0.418521
0.932757
0.275547
1.132923
-1.223718
0.741166
-0.086972
0.112147
0.174319
-0.277524
-0.330686
-0.426228
-0.004008
1.934499
-1.322936
0.783058
-0.131384
0.751568
-0.926502
-0.941472
0.016357
0.684292
-0.732517
0.727715
0.219056
-0.580630
-0.965184
-0.530186
-1.073960
0.151667
1.530046
-0.544593
-1.144203
0.102607
0.085350
0.083210
0.570310
0.476221
1.013280
0.833643
0.613309
-0.087458
-0.394246
1.182869
-0.310880
-0.138252
-1.448545
0.980002
-0.892995
1.222667
0.035478
0.998936
1.314069
0.781199
-0.759156
1.498085
-0.236866
-1.062154
-0.377673
-0.790394
-0.334633
0.403957
-0.894404
-0.173765
-0.528795
-0.755076
-0.746618
0.056995
0.951692
1.148167
1.302283
-0.062381
0.115489
0.456833
0.376380
1.073289
-0.264602
0.521212
-0.295263
-1.360745
-0.818564
-0.682175
-1.003482
-0.828036
0.429519
0.818707
-0.455301
0.555089
-0.230908
-0.150522
-0.646138
-0.643460
0.203918
0.063529
-0.564661
-0.377698
-0.584823
0.161965
0.892849
1.057268
1.513179
-0.140033
-0.935970
-1.260373
0.604508
-0.046844
0.674005
0.933108
-1.246149
1.244371
0.103142
1.222375
0.691743
-0.700656
-0.755940
0.131529
-0.190335
0.581059
0.958579
0.390971
-0.257603
-1.588631
-1.308914
1.122940
1.027065
-0.456232
-0.450713
-1.410309
0.736311
0.459440
0.477528
-0.830503
-1.179221
0.594051
0.912442
0.124661
-0.926409
0.225671
-1.639279
-0.922307
-0.049666
-0.554939
0.893448
0.334031
1.093729
-0.371688
0.899086
-1.115002
0.201119
-1.220844
1.082362
-0.613689
0.002687
0.011474
-0.510748
0.250900
-1.259152
0.782155
1.083231
-0.476106
0.492544
0.296042
0.082822
-1.120850
0.883323
-0.813015
-1.380040
-0.592655
0.520175
-0.870334
0.699030
0.610773
1.008275
1.033157
-0.016124
0.997342
-0.886730
0.609518
-0.363139
1.025047
0.701715
0.154582
-0.729172
1.239641
-1.188582
0.117647
0.254962
1.032681
0.232268
0.494825
-0.868420
-0.724743
-0.288068
0.472000
-0.252259
0.743848
-0.438459
-0.467514
-0.932207
0.791825
1.271527
0.882094
-0.315420
-1.151975
0.127258
0.466189
-0.873484
-0.177947
0.266854
-0.629369
-0.752934
0.038342
0.280847
0.336859
0.395920
0.869359
-0.116298
-0.600447
0.971756
-0.510352
-1.369582
0.390668
-0.011669
0.125424
0.903797
0.492943
-1.141456
0.282859
-0.705136
0.850934
0.138134
0.193592
0.332357
0.416719
-1.149734
-0.509871
0.000592
-0.157151
-0.099462
-0.374590
0.022877
-1.018608
0.678730
0.383109
0.716847
-1.613516
-0.713446
0.424884
-0.383213
-0.637152
0.692311
-0.209817
1.152004
-0.325845
-0.061520
-0.553566
0.475230
1.237467
0.469075
1.343561
0.795151
0.225559
-0.224088
0.838594
0.535260
0.119102
0.341721
0.589693
-1.153721
-1.017074
0.597351
-0.182810
0.562087
0.538705
0.320964
0.437100
-0.454204
-0.536137
-1.029697
0.076511
0.365057
-0.111467
1.089011
-0.405691
0.206816
-0.943260
0.479969
-0.102966
-0.655652
-0.283091
-0.989930
-1.611037
-0.438575
-0.524232
-1.149487
0.443155
0.173831
-0.333826
-0.655098
-0.051654
-0.453299
-1.135460
1.121647
-0.384954
-0.942731
-0.505936
-0.065571
0.096011
-0.705539
-0.237542
0.476452
-1.585835
0.883214
0.432239
-0.911053
-1.159932
0.360543
0.232201
0.299901
-0.208966
-0.576293
0.852436
1.306887
-0.948377
0.689650
-1.149411
0.748111
-0.519842
-1.025597
-1.304865
0.481051
0.297535
-0.139908
-1.450817
-0.288166
0.362446
0.063135
-0.698546
-0.040353
-0.550096
-1.200203
0.480247
0.354888
0.776212
-0.514105
0.011163
-0.012271
0.127957
1.028966
-0.026193
-0.451783
0.979236
0.326567
1.321348
-1.112930
0.774049
-0.303488
-1.513551
0.182341
0.019452
-1.004092
-0.617574
0.234584
-0.107250
-1.122547
0.817000
0.663023
0.753724
-0.200478
0.734190
-0.009187
0.764297
-1.687279
0.309624
0.107896
-1.222447
-0.796050
0.892727
-1.238153
-0.604369
-1.191435
0.101683
-0.012262
-1.033329
-0.040223
0.362525
0.240139
-1.616296
0.836743
-0.461951
1.021385
1.560300
-0.208079
0.609126
-0.828214
0.786527
-1.014912
-0.608197
-0.565354
-0.578281
-0.273977
-0.079196
0.663931
-1.393970
-0.600921
0.536760
-0.827990
1.090893
0.737944
0.895860
-1.169509
0.080669
-1.212539
-0.565384
-0.470662
0.346124
0.244659
-0.620976
-0.225964
0.194000
0.802370
0.286045
0.140295
-0.361104
-0.746507
0.100088
0.629488
-1.093547
1.479802
-0.411375
0.838445
-0.607453
-0.437781
-0.429097
1.267107
0.816633
0.693323
-0.123447
-0.134781
0.059817
0.700309
-0.243671
-0.049911
0.661991
0.461708
0.162296
-0.531518
0.092964
0.938502
1.113933
1.107523
-1.062387
-0.105645
0.300955
1.582181
-0.329689
0.912168
-0.055075
-0.327601
-0.366537
0.106395
-0.399344
-1.901084
-0.371588
0.063528
1.523459
0.350745
0.041369
0.406432
-0.545785
-0.716702
-0.399004
-0.070757
-0.757385
0.169130
-0.216138
0.643482
-0.301527
-1.099546
-0.878573
0.936645
0.890152
-1.301120
1.445942
1.608645
-0.867941
0.401762
0.065288
1.484871
-0.561258
-0.505374
0.989657
-0.312682
-0.785091
-0.700155
-0.824508
0.741968
0.331893
-0.117991
0.106152
-0.010346
-0.035623
-0.384826
-0.284681
1.129937
2.383616
-0.639938
-0.535243
0.468501
-0.749172
1.590616
-0.570206
-0.851194
-1.647169
-1.577926
-0.673451
-0.158189
-0.682066
0.002680
0.500182
0.028583
-0.907240
0.112989
0.470445
0.392866
-0.893678
1.498195
-0.306322
-0.403985
-0.864899
-0.514942
-0.106377
-0.409458
0.919194
-0.378003
-0.390062
-0.219960
0.243169
0.057141
-0.091059
-0.063805
0.182944
-0.110809
1.169392
-0.333779
-0.601835
0.977919
-0.152576
-0.569663
-0.708765
-0.167665
0.369984
