5
3
10
16
20
16
1.401021
-3.292557
-0.216249
1.437994
1.595852
-2.607987
2.493386
-1.650873
-1.639286
1.759025
1.610515
-0.772442
2.005655
-1.090553
-2.058664
1.752814
3.317170
2.198870
1.208560
-1.217421
3.242922
3.621339
0.229211
0.622961
1.626299
1.926588
2.070290
-0.080856
0.263560
-0.078233
0.733018
-0.995531
0.497688
-0.566869
-0.905145
-0.382329
-0.481127
-0.362372
0.427857
0.051088
0.672011
-1.624559
-0.275261
-1.372822
0.591302
-0.764525
1.200870
1.143456
0.153586
-0.116009
0.696824
1.015031
-0.056802
0.427011
0.183552
-2.183012
-0.285809
-1.653844
-1.461792
-0.413154
-0.387195
0.762153
-0.646030
0.440124
0.649804
-0.648866
-0.470000
-0.840631
-0.506580
-0.100828
0.346754
1.252314
1.854405
1.152768
0.374457
-0.156871
-0.786595
0.936561
0.336491
0.865281
-0.579251
-0.267183
0.212327
-0.590885
-0.198657
0.190146
-0.114550
-0.799309
-0.637097
0.864891
-1.227019
-0.471840
-1.382138
-0.447992
0.308965
0.979783
0.501686
0.992478
0.934644
0.085687
-1.457291
0.560278
0.105468
0.473722
-0.521588
0.447812
-1.730086
-0.947858
0.255049
-0.328998
-0.645619
1.210770
-1.041897
-0.454310
-1.110407
-1.510617
0.148633
0.703000
0.192217
0.540068
0.619760
-0.106773
1.054090
0.933597
-1.455182
0.800475
1.509973
1.419908
0.803754
0.215505
-2.234511
0.198277
0.825264
-0.513669
-0.041091
-0.862216
0.517606
1.974706
0.547350
0.286320
-1.006206
-0.924295
-0.164324
-0.034320
-0.116350
0.448955
-0.933392
-1.460751
0.486376
-0.531173
1.116762
0.618741
-1.159199
-1.640114
-2.063424
0.496136
0.867744
-0.898628
0.400809
-0.366941
-1.120267
-0.742773
-0.415050
0.143546
-1.685777
0.929817
-0.712784
0.027559
-0.387595
0.621156
-0.814452
0.494206
-0.484999
0.107879
-0.453258
1.562207
-1.316713
-0.060511
1.977496
0.567138
-0.929816
-1.377937
-1.804665
-0.363524
-0.717743
-0.306166
0.543015
0.069275
-0.315028
0.904162
0.790970
1.064748
-1.008385
-1.026043
1.113075
-0.076569
-0.308217
0.170084
-0.073127
-1.261778
0.517487
0.665304
0.744329
-0.078343
-0.560505
-0.329623
-0.544274
-0.934683
0.160003
0.606973
-0.048103
-0.330125
-0.841772
1.645575
0.809710
-1.044005
-0.370573
-0.855618
0.590005
1.276984
1.163440
-0.892254
0.867264
-0.361690
1.221812
0.990972
-0.196283
0.806514
0.526449
-0.583784
0.895663
1.231996
0.790779
0.891860
-1.031530
-0.878998
-0.117794
0.538206
-0.764041
-0.167014
-0.220156
0.921343
-0.520151
0.752610
0.048243
-1.331946
-0.566144
-0.555621
-0.779624
-0.401439
0.664725
-0.025273
0.387050
0.928319
-0.815252
-0.523770
-0.276585
0.655549
0.426198
0.898825
0.525727
0.811229
0.467722
-0.639722
-0.277593
-1.224975
-1.247237
-0.454631
0.013992
-0.413665
0.695529
0.873975
0.144526
-0.270347
-0.406655
-0.420540
0.690721
-1.051297
-0.464016
1.045455
-0.658698
0.793074
-0.497840
-0.255750
-1.466721
0.351223
0.394050
1.654152
-1.067244
-0.534707
-0.282291
-0.589513
0.186915
-0.537221
0.437359
-0.680069
-0.213318
0.433935
-0.456940
0.212866
-0.950375
1.069411
-0.613210
0.288739
-0.697315
0.480106
0.747448
0.375776
-0.046541
-1.149485
0.715071
-0.083257
-2.243331
0.178855
-1.135875
0.508515
0.697713
-0.530277
-0.412074
-0.435212
-0.261965
0.806797
0.023877
0.061549
-0.740528
0.252427
-1.715046
0.332189
1.845305
-0.542898
0.861047
-0.049684
0.143240
-0.773847
-0.412554
-0.189132
0.198530
-1.421765
-1.650170
0.883529
0.165710
0.402036
-0.413576
0.229309
-0.867629
-0.242542
0.384791
-0.686230
1.751582
-0.299752
-0.623250
1.632761
0.558584
-0.012006
1.394103
-0.637582
-0.492029
-0.573594
0.733060
0.031126
0.644276
-1.040836
0.623200
0.676565
0.012305
-0.585455
0.637535
0.659878
-0.599384
-1.167937
-0.496298
0.320765
-0.834013
0.209652
-0.338436
-0.153667
0.385148
-1.009121
0.887894
0.120715
-0.584580
0.010075
0.624911
-0.181584
1.521090
0.195984
-1.066167
0.605982
0.100033
-0.806906
0.526705
0.890445
-0.441089
0.905502
1.656265
0.218502
1.146934
-0.963306
0.394168
0.712053
0.700744
-0.732357
0.525959
-0.374047
-1.069395
-0.423049
-0.911913
-0.297970
-1.015778
-0.451317
-0.840567
-1.143559
-1.207863
-1.293993
0.083828
1.205121
-0.388600
0.340675
-1.003890
-0.011259
-0.455010
-0.487492
-1.048477
-0.987134
0.679317
0.542323
-0.103285
0.509518
-0.209313
0.651057
-0.677519
-0.228725
1.290227
0.334352
0.166717
0.797692
-1.141152
0.119284
0.783858
-0.311851
0.236168
0.284544
-0.519568
-0.330109
-0.656915
-0.435169
-0.856266
-0.645145
0.435300
0.312615
1.169945
0.741746
0.260967
0.109806
-0.640444
-0.534648
0.932027
0.032930
-1.109916
-0.197394
-0.049251
-0.018979
-0.872567
0.213026
-0.012394
-1.144243
0.632407
-0.150567
-1.385592
-0.406916
0.623998
1.996562
0.037390
-0.831237
0.717816
0.722270
0.477569
0.693691
0.435192
-1.023059
-0.607022
-0.297025
-0.429693
0.224478
1.374216
0.262753
0.724314
-0.171042
0.387993
0.443983
0.499383
1.138842
0.821269
1.345383
-0.134176
0.518611
-1.270758
0.024595
-0.847636
0.124523
0.523759
-0.905345
0.708212
-0.264946
0.177916
-0.008940
-0.851816
0.907718
-0.825878
-1.383729
-0.402301
-0.851630
0.144259
-0.029729
-0.225842
-0.803269
-0.218492
0.290099
0.733535
-0.176889
0.031443
0.852436
0.140679
-0.105564
-0.050210
-0.969392
0.564729
0.438699
-0.585033
-0.691507
-0.639882
-0.833710
-0.827754
-0.294096
1.246284
-0.271430
1.668036
1.143586
0.426909
-0.694459
-1.296759
-0.126578
-0.716958
1.188278
-0.389507
0.876127
0.432288
-0.685894
-0.312312
0.537096
0.638981
-1.106095
1.625469
-0.115206
-0.246843
-1.022904
0.443679
0.424016
-0.704208
-0.659770
-1.407711
0.664654
-0.889628
-0.959245
0.467123
1.170541
-0.124593
-0.965560
0.534111
-0.065232
-0.617540
0.216362
0.935054
-1.050971
-0.983420
-1.187385
0.024608
-0.304012
0.280251
0.848075
-1.017406
-0.978494
0.753217
-0.033462
0.894477
-0.297146
0.592761
-0.445306
0.255501
-0.603886
0.519075
1.550862
0.014177
-0.756153
0.484597
-0.640989
-0.989617
1.318835
-0.521970
-2.171791
0.315302
0.106922
0.631183
-0.044961
-0.900194
-0.962707
-0.735966
0.232028
1.658428
-0.053955
0.565237
-0.387965
-0.930223
0.390232
0.322382
0.095618
0.204127
0.881853
-1.118773
1.033639
-1.267789
-0.258653
0.207827
-0.867662
0.339847
-0.769710
0.392349
-0.870653
0.418116
0.218782
0.311015
-0.402060
0.366456
0.689122
0.394925
-0.452532
-1.537906
-0.666637
-0.467355
0.129380
0.267595
0.237067
0.245071
0.831173
-0.382455
0.100242
-1.459312
1.385853
0.926785
0.670450
1.261485
-1.302633
0.266053
-0.486010
-0.054191
0.411299
0.896252
-1.195017
-0.921941
0.226069
-0.541254
0.540816
-1.703169
0.323727
-0.496016
-1.205523
0.381948
-2.140233
2.373833
-0.307201
-0.488569
-0.616491
1.064150
-0.607219
-0.051366
1.590924
0.057163
-0.533971
-1.026926
0.354705
-1.187704
-0.334025
-0.874396
-0.446982
0.944550
-0.013236
0.654609
1.618137
-0.088038
-1.010368
0.022863
-0.619020
0.152631
0.618897
-0.332166
1.232659
-0.388259
0.832510
-0.898747
-0.430052
0.501309
1.374958
0.442011
0.335966
-0.180706
-0.454363
0.200768
0.095110
-0.957203
1.165925
1.749711
-0.321464
-0.020924
0.627165
-0.567243
-0.806273
1.411744
-1.144086
-0.589650
0.470351
0.857059
0.420223
1.319784
-1.261828
0.776989
0.412274
-1.191507
-0.570165
-0.129619
0.031841
-1.285251
0.159394
-1.094380
0.201003
-0.910985
0.252093
1.162749
0.789486
-0.466774
-0.841065
0.234284
-0.939177
0.630791
1.247528
-0.591381
0.924094
-1.055982
0.894708
-0.587509
-0.444486
0.219317
0.438290
-1.212098
-0.694177
-1.392096
-0.631581
-0.749925
0.775328
0.016711
-1.043013
1.257015
-0.687816
-0.024691
0.871894
0.432794
0.355634
0.643539
-0.802593
-0.339949
-0.776712
-1.153266
1.799846
-0.057058
-0.004892
0.855313
-0.418097
-0.804800
-0.033309
-1.424297
0.438248
1.002299
0.204536
1.059445
1.607823
-0.627021
0.702959
0.493257
-0.169164
-1.215377
0.715334
0.238114
1.526566
0.619191
0.652618
-0.125314
-0.595456
-0.716035
0.442220
0.119778
-0.761820
-0.508654
-0.812450
1.233738
0.018528
0.234105
1.361820
-0.006771
-0.589265
-0.674783
-0.739346
0.095964
1.730087
0.149501
0.968061
0.902567
-0.880404
-0.342050
-1.296163
0.941344
-0.742684
-0.038270
0.056546
-1.167220
-0.388600
1.057971
-0.112007
0.519878
-0.640983
0.590601
0.328439
-0.363158
-0.224581
-1.201748
-0.553467
0.071026
-0.203916
-0.402684
-1.314955
-0.300545
-0.250375
0.017454
0.523395
1.118783
1.520869
-1.309874
0.162284
-0.091485
0.953337
0.240811
-2.280507
-0.565555
0.330844
0.073334
0.091346
-0.354257
1.895102
-0.668584
-1.271047
-0.773504
-0.152903
0.826766
-0.634988
1.474369
0.223874
0.749330
0.216475
-0.607759
-0.731240
-0.510976
0.140815
0.692231
1.144594
-0.359897
-1.465650
1.829153
0.468112
-0.675528
1.148650
0.160238
-0.711205
0.361166
-0.698083
-0.745246
1.151822
-0.521930
-0.241446
1.143446
-0.076875
-0.278437
-1.023072
0.106942
0.325640
