0.9098039215686274 0.21176470588235294 0.2823529411764706 4
0.7411764705882353 0.08627450980392157 0.23529411764705882 5
0.8274509803921568 0.8666666666666667 0.6352941176470588 9
0.7098039215686275 0.6666666666666666 0.6196078431372549 1
0.6666666666666666 0.9411764705882353 0.6549019607843137 9
0.6901960784313725 0.3686274509803922 0.27058823529411763 7
0.27058823529411763 0.9568627450980393 0.36470588235294116 9
0.41568627450980394 0.403921568627451 0.6901960784313725 14
0.43137254901960786 0.788235294117647 0.12941176470588237 9
0.6078431372549019 0.23137254901960785 0.7411764705882353 15
0.06274509803921569 0.8941176470588236 0.8196078431372549 12
0.611764705882353 0.9372549019607843 0.6352941176470588 9
0.27450980392156865 0.7333333333333333 0.8666666666666667 13
0.33725490196078434 0.7254901960784313 0.8235294117647058 13
0.8666666666666667 0.23921568627450981 0.2 3
0.5843137254901961 0.5176470588235295 0.023529411764705882 10
0.8431372549019608 0.8627450980392157 0.807843137254902 9
0.40784313725490196 0.42745098039215684 0.1843137254901961 10
0.3215686274509804 0.15294117647058825 0.20392156862745098 15
0.7019607843137254 0.9450980392156862 0.35294117647058826 9
0.3176470588235294 0.13333333333333333 0.023529411764705882 7
0.0196078431372549 0.4470588235294118 0.5215686274509804 11
0.3803921568627451 0.06666666666666667 0.10588235294117647 5
0.8 0.9254901960784314 0.8666666666666667 12
0.8980392156862745 0.10980392156862745 0.5843137254901961 4
0.5803921568627451 0.24313725490196078 0.5882352941176471 15
0.9333333333333333 0.8823529411764706 0.6313725490196078 8
0.13333333333333333 0.7098039215686275 0.7372549019607844 11
0.10980392156862745 0.8313725490196079 0.32941176470588235 9
0.3254901960784314 0.44313725490196076 0.5019607843137255 1
0.12549019607843137 0.3411764705882353 0.27058823529411763 10
0.8627450980392157 0.22745098039215686 0.9019607843137255 4
0.9882352941176471 0.788235294117647 0.3803921568627451 6
0.9529411764705882 0.7058823529411765 0.8392156862745098 4
0.8549019607843137 0.596078431372549 0.5725490196078431 4
0.5098039215686274 0.2627450980392157 0.9529411764705882 15
0.050980392156862744 0.0 0.592156862745098 14
0.6705882352941176 0.3411764705882353 0.4627450980392157 15
0.2901960784313726 0.9058823529411765 0.403921568627451 9
0.9098039215686274 0.9921568627450981 0.9921568627450981 12
0.5333333333333333 0.7019607843137254 0.26666666666666666 9
0.9098039215686274 0.2235294117647059 0.050980392156862744 3
0.9568627450980393 0.8392156862745098 0.25098039215686274 8
0.20784313725490197 0.34901960784313724 0.5294117647058824 14
0.10196078431372549 0.7098039215686275 0.5647058823529412 11
0.4627450980392157 0.043137254901960784 0.43529411764705883 15
0.6823529411764706 0.592156862745098 0.28627450980392155 7
0.5882352941176471 0.00784313725490196 0.12941176470588237 5
0.9294117647058824 0.6784313725490196 0.4666666666666667 6
0.7215686274509804 0.5529411764705883 0.8627450980392157 15
0.6823529411764706 0.984313725490196 0.4392156862745098 9
0.24705882352941178 0.5333333333333333 0.7647058823529411 13
0.36470588235294116 0.9529411764705882 0.4392156862745098 9
0.6196078431372549 0.4588235294117647 0.396078431372549 7
0.19607843137254902 1.0 0.7019607843137254 11
0.5843137254901961 0.6039215686274509 0.18823529411764706 10
0.7215686274509804 0.6588235294117647 0.8509803921568627 15
0.33725490196078434 0.2980392156862745 0.6274509803921569 15
0.596078431372549 0.7098039215686275 0.43137254901960786 9
0.8823529411764706 0.17647058823529413 0.3686274509803922 4
0.8509803921568627 0.17647058823529413 0.19215686274509805 3
0.8 0.2823529411764706 0.8117647058823529 15
0.25882352941176473 0.2549019607843137 0.20392156862745098 1
0.2 0.16862745098039217 0.1411764705882353 2
0.20784313725490197 0.058823529411764705 0.8274509803921568 14
0.27450980392156865 0.49019607843137253 0.7411764705882353 13
0.7137254901960784 0.08627450980392157 0.984313725490196 15
0.28627450980392155 0.5843137254901961 0.058823529411764705 9
0.9058823529411765 0.9215686274509803 0.12549019607843137 8
0.027450980392156862 0.3411764705882353 0.3058823529411765 11
0.7686274509803922 0.28627450980392155 0.1607843137254902 7
0.9882352941176471 0.403921568627451 0.4117647058823529 4
0.054901960784313725 0.48627450980392156 0.4588235294117647 11
0.37254901960784315 0.3686274509803922 0.6941176470588235 14
0.8627450980392157 0.9372549019607843 0.7686274509803922 9
0.16470588235294117 0.49411764705882355 0.5294117647058824 11
0.14901960784313725 0.8745098039215686 0.8196078431372549 12
0.5098039215686274 0.1607843137254902 0.40784313725490196 15
0.8274509803921568 0.5647058823529412 0.45098039215686275 7
0.7333333333333333 0.2823529411764706 0.011764705882352941 7
0.6588235294117647 0.48627450980392156 0.8745098039215686 15
0.32941176470588235 0.1450980392156863 0.6862745098039216 15
0.14901960784313725 0.11372549019607843 0.9686274509803922 14
0.23921568627450981 0.3568627450980392 0.09411764705882353 10
0.9019607843137255 0.0196078431372549 0.4117647058823529 4
0.19607843137254902 0.9686274509803922 0.4392156862745098 9
0.8705882352941177 0.7725490196078432 0.7529411764705882 4
0.611764705882353 0.7686274509803922 0.050980392156862744 9
0.3568627450980392 0.2196078431372549 0.23137254901960785 7
0.3686274509803922 0.7019607843137254 0.9333333333333333 12
0.25882352941176473 0.13333333333333333 0.8588235294117647 15
0.2235294117647059 0.0 0.5843137254901961 15
0.0392156862745098 0.6705882352941176 0.9686274509803922 13
0.6196078431372549 0.8823529411764706 0.4627450980392157 9
0.48627450980392156 0.03137254901960784 0.4745098039215686 15
0.4 0.20784313725490197 0.8862745098039215 15
0.1568627450980392 0.2196078431372549 0.5372549019607843 14
0.4588235294117647 0.4980392156862745 0.1411764705882353 10
0.2784313725490196 0.23137254901960785 0.30196078431372547 1
0.10980392156862745 0.6549019607843137 0.2980392156862745 9
0.3137254901960784 0.7843137254901961 0.9450980392156862 12
0.5803921568627451 0.03137254901960784 0.40784313725490196 15
0.00392156862745098 0.26666666666666666 0.39215686274509803 14
0.30196078431372547 0.5490196078431373 0.592156862745098 11
0.8980392156862745 0.5882352941176471 0.35294117647058826 6
0.5372549019607843 0.6392156862745098 0.3607843137254902 9
0.13333333333333333 0.33725490196078434 0.5450980392156862 14
0.15294117647058825 0.23529411764705882 0.6509803921568628 14
0.38823529411764707 0.00784313725490196 0.6470588235294118 15
1.0 0.5372549019607843 0.8862745098039215 4
0.49411764705882355 0.4392156862745098 0.6470588235294118 15
0.0392156862745098 0.3764705882352941 1.0 13
0.34509803921568627 0.3176470588235294 0.3215686274509804 1
0.49019607843137253 0.20392156862745098 0.2549019607843137 7
0.9176470588235294 0.8823529411764706 0.5529411764705883 8
0.21176470588235294 0.7607843137254902 0.6745098039215687 11
0.2980392156862745 0.023529411764705882 0.00392156862745098 7
0.6705882352941176 0.4666666666666667 0.6235294117647059 4
0.9725490196078431 0.19607843137254902 0.4392156862745098 4
0.9882352941176471 0.803921568627451 0.0392156862745098 8
0.803921568627451 0.0196078431372549 0.4666666666666667 4
0.37254901960784315 0.03529411764705882 0.8666666666666667 15
0.09803921568627451 0.8274509803921568 0.19607843137254902 9
0.6274509803921569 0.7137254901960784 0.25098039215686274 9
0.4392156862745098 0.6431372549019608 0.7019607843137254 11
0.403921568627451 0.30196078431372547 0.13725490196078433 7
0.9294117647058824 0.5333333333333333 0.6784313725490196 4
0.796078431372549 0.0 0.6470588235294118 4
0.23529411764705882 0.5098039215686274 0.9647058823529412 13
0.6901960784313725 0.6235294117647059 0.27058823529411763 8
0.47843137254901963 0.25882352941176473 0.9019607843137255 15
0.3058823529411765 0.7490196078431373 0.49411764705882355 9
0.8431372549019608 0.6078431372549019 0.17254901960784313 6
0.17647058823529413 0.5529411764705883 0.6078431372549019 11
0.13725490196078433 0.4235294117647059 0.2980392156862745 10
0.8941176470588236 0.33725490196078434 0.40784313725490196 4
0.9137254901960784 0.2549019607843137 0.596078431372549 4
0.4117647058823529 0.12549019607843137 0.6352941176470588 15
0.18823529411764706 0.16862745098039217 0.00784313725490196 1
0.21176470588235294 0.2235294117647059 0.8 13
0.27450980392156865 0.7764705882352941 0.42745098039215684 9
0.29411764705882354 0.8941176470588236 0.9254901960784314 12
0.6823529411764706 0.07450980392156863 0.13725490196078433 3
0.5725490196078431 0.4392156862745098 0.08235294117647059 7
0.39215686274509803 0.058823529411764705 0.28627450980392155 15
0.9568627450980393 0.4745098039215686 0.058823529411764705 6
0.12549019607843137 0.25098039215686274 0.10588235294117647 10
0.8392156862745098 0.25882352941176473 0.6862745098039216 4
0.023529411764705882 0.20392156862745098 0.24313725490196078 11
0.13725490196078433 0.21568627450980393 0.611764705882353 14
0.8274509803921568 0.49019607843137253 0.4980392156862745 4
0.5176470588235295 0.5647058823529412 0.0392156862745098 9
0.48627450980392156 0.5843137254901961 0.8470588235294118 12
0.6078431372549019 0.8 0.1803921568627451 9
0.1411764705882353 0.4980392156862745 0.32941176470588235 10
0.6980392156862745 0.3411764705882353 0.09411764705882353 7
0.6823529411764706 0.8901960784313725 0.3843137254901961 9
0.30980392156862746 0.3607843137254902 0.0 10
0.48627450980392156 0.6862745098039216 0.42745098039215684 9
0.06274509803921569 0.7372549019607844 0.3803921568627451 9
0.11372549019607843 0.2196078431372549 0.6588235294117647 14
0.28627450980392155 0.3607843137254902 0.6784313725490196 13
0.1568627450980392 0.39215686274509803 0.5019607843137255 11
0.788235294117647 0.2235294117647059 0.43137254901960786 4
0.4235294117647059 0.9607843137254902 0.23529411764705882 9
0.4549019607843137 0.027450980392156862 0.3803921568627451 15
0.8588235294117647 0.25098039215686274 0.5058823529411764 4
0.40784313725490196 0.25882352941176473 0.6470588235294118 15
0.5647058823529412 0.027450980392156862 0.3607843137254902 15
0.6980392156862745 0.5333333333333333 0.3607843137254902 7
0.00784313725490196 0.5686274509803921 0.3058823529411765 9
0.9490196078431372 0.3176470588235294 0.20392156862745098 6
0.9176470588235294 0.09411764705882353 0.596078431372549 4
0.6784313725490196 0.5058823529411764 0.43137254901960786 7
0.7450980392156863 0.023529411764705882 0.1803921568627451 5
0.8941176470588236 0.615686274509804 0.9803921568627451 15
0.8901960784313725 0.35294117647058826 0.9137254901960784 15
0.8627450980392157 0.45098039215686275 0.611764705882353 4
0.9607843137254902 0.23529411764705882 0.1843137254901961 6
0.5215686274509804 0.5568627450980392 0.7137254901960784 12
0.4235294117647059 0.12941176470588237 0.14901960784313725 7
0.8117647058823529 0.996078431372549 0.2823529411764706 9
0.9490196078431372 0.5764705882352941 0.043137254901960784 6
0.47058823529411764 0.8862745098039215 0.6078431372549019 9
0.03529411764705882 0.4392156862745098 0.5098039215686274 11
0.7019607843137254 0.9294117647058824 0.12156862745098039 9
0.09411764705882353 0.7450980392156863 0.3137254901960784 9
0.49411764705882355 0.6941176470588235 0.9058823529411765 12
0.2823529411764706 0.2 0.6745098039215687 14
0.9803921568627451 0.6509803921568628 0.35294117647058826 6
0.6705882352941176 0.4745098039215686 0.027450980392156862 6
0.32941176470588235 0.09803921568627451 0.10588235294117647 7
0.8274509803921568 0.7098039215686275 0.2549019607843137 8
0.16862745098039217 0.803921568627451 0.396078431372549 9
0.33725490196078434 0.7450980392156863 0.4196078431372549 9
0.4470588235294118 0.10588235294117647 0.8627450980392157 15
0.23921568627450981 0.1411764705882353 0.7411764705882353 15
0.8470588235294118 0.8980392156862745 0.9764705882352941 0
0.49019607843137253 0.8392156862745098 0.7568627450980392 12
0.9254901960784314 0.6078431372549019 0.403921568627451 6
0.12941176470588237 0.6901960784313725 0.13725490196078433 9
0.4470588235294118 0.9254901960784314 0.25882352941176473 9
0.8117647058823529 0.6705882352941176 0.3607843137254902 6
0.3607843137254902 0.9490196078431372 0.9568627450980393 12
0.6039215686274509 0.9607843137254902 0.44313725490196076 9
0.6 0.2549019607843137 0.023529411764705882 7
0.37254901960784315 0.2784313725490196 0.6784313725490196 15
0.011764705882352941 0.611764705882353 0.6274509803921569 11
0.2901960784313726 0.3137254901960784 0.23921568627450981 1
0.5333333333333333 0.3333333333333333 0.5058823529411764 15
0.9098039215686274 0.9686274509803922 0.5137254901960784 8
0.5058823529411764 0.14901960784313725 0.054901960784313725 7
0.8745098039215686 0.27450980392156865 0.5764705882352941 4
0.7490196078431373 0.2901960784313726 0.23529411764705882 3
0.2980392156862745 0.5411764705882353 0.16470588235294117 10
0.03137254901960784 0.9254901960784314 0.07058823529411765 9
0.12549019607843137 0.5411764705882353 0.8 13
0.23137254901960785 0.023529411764705882 0.7764705882352941 14
0.7568627450980392 0.9019607843137255 0.4745098039215686 9
0.8549019607843137 0.4549019607843137 0.8901960784313725 4
0.8627450980392157 0.44313725490196076 0.9372549019607843 4
0.3607843137254902 0.8274509803921568 0.13725490196078433 9
0.5254901960784314 0.23137254901960785 0.7490196078431373 15
0.30980392156862746 0.7764705882352941 0.2627450980392157 9
0.7686274509803922 0.8509803921568627 0.8313725490196079 12
0.17647058823529413 0.8705882352941177 0.07450980392156863 9
0.3843137254901961 0.611764705882353 0.5333333333333333 11
0.21568627450980393 0.047058823529411764 0.7843137254901961 14
0.4823529411764706 0.6784313725490196 0.8117647058823529 13
0.25882352941176473 0.28627450980392155 0.011764705882352941 10
0.8313725490196079 0.6705882352941176 0.8823529411764706 4
0.9098039215686274 0.5764705882352941 0.16862745098039217 6
0.6588235294117647 0.23137254901960785 0.48627450980392156 15
0.6039215686274509 0.07058823529411765 0.788235294117647 15
0.6352941176470588 0.4823529411764706 0.8901960784313725 15
0.2901960784313726 0.18823529411764706 0.592156862745098 15
0.6431372549019608 0.5764705882352941 0.8274509803921568 15
0.8156862745098039 0.7294117647058823 0.5490196078431373 8
0.5254901960784314 0.7176470588235294 0.596078431372549 9
0.19215686274509805 0.43529411764705883 0.6666666666666666 13
0.6470588235294118 0.24705882352941178 0.40784313725490196 15
0.6705882352941176 0.30980392156862746 0.3686274509803922 4
0.592156862745098 0.08627450980392157 0.054901960784313725 5
0.5607843137254902 0.11764705882352941 0.16470588235294117 5
0.4117647058823529 0.2549019607843137 0.6039215686274509 15
0.4117647058823529 0.6666666666666666 0.5137254901960784 9
0.5647058823529412 0.9176470588235294 0.3254901960784314 9
0.4470588235294118 0.23921568627450981 0.4627450980392157 15
0.8470588235294118 0.3803921568627451 0.4549019607843137 4
0.7803921568627451 0.2549019607843137 0.2901960784313726 4
0.19607843137254902 0.3568627450980392 0.3764705882352941 11
0.7607843137254902 0.043137254901960784 0.792156862745098 15
0.807843137254902 0.2627450980392157 0.8509803921568627 4
0.5294117647058824 0.12156862745098039 0.7058823529411765 15
0.21176470588235294 0.8313725490196079 0.9098039215686274 12
0.4666666666666667 0.027450980392156862 0.7725490196078432 15
0.11764705882352941 0.2549019607843137 0.3568627450980392 11
0.27058823529411763 0.5803921568627451 0.7058823529411765 11
0.1843137254901961 0.48627450980392156 0.7647058823529411 13
0.40784313725490196 0.592156862745098 0.7176470588235294 13
0.5882352941176471 0.7372549019607844 0.43137254901960786 9
0.8784313725490196 0.14901960784313725 0.6509803921568628 4
0.7176470588235294 0.2823529411764706 0.08235294117647059 7
0.20784313725490197 0.30980392156862746 0.6 14
0.8980392156862745 0.6470588235294118 1.0 4
0.6549019607843137 0.3764705882352941 0.42745098039215684 4
0.6470588235294118 0.6313725490196078 0.40784313725490196 9
0.6627450980392157 0.4196078431372549 0.7411764705882353 15
0.9568627450980393 0.3058823529411765 0.1803921568627451 6
0.023529411764705882 0.023529411764705882 0.5254901960784314 14
0.6196078431372549 0.19607843137254902 0.9294117647058824 15
0.7254901960784313 0.8901960784313725 0.4117647058823529 9
0.2901960784313726 0.03529411764705882 0.17647058823529413 15
0.3568627450980392 0.5647058823529412 0.13333333333333333 10
0.14901960784313725 0.12156862745098039 0.7372549019607844 13
0.6980392156862745 0.0392156862745098 0.9098039215686274 15
0.796078431372549 0.9647058823529412 0.10588235294117647 9
0.396078431372549 0.8235294117647058 0.6666666666666666 12
0.2901960784313726 0.403921568627451 0.027450980392156862 10
0.35294117647058826 0.26666666666666666 0.9372549019607843 13
0.6313725490196078 0.5411764705882353 0.596078431372549 1
0.5333333333333333 0.08235294117647059 0.3803921568627451 15
0.5294117647058824 0.17254901960784313 0.5843137254901961 15
0.41568627450980394 0.9019607843137255 0.5215686274509804 9
0.5058823529411764 0.07450980392156863 0.9333333333333333 15
0.6627450980392157 0.6352941176470588 0.23529411764705882 8
0.8352941176470589 0.8235294117647058 0.6078431372549019 8
0.23137254901960785 0.42745098039215684 0.7137254901960784 13
0.16470588235294117 0.3058823529411765 0.403921568627451 11
0.3764705882352941 0.596078431372549 0.7725490196078432 12
0.15294117647058825 0.3137254901960784 0.043137254901960784 10
0.7725490196078432 0.09411764705882353 0.7843137254901961 4
0.22745098039215686 0.6 0.8392156862745098 13
0.08235294117647059 0.1607843137254902 0.4823529411764706 14
