47.76944883896805 74.5070013914793 24.40807116304322 4
81.79960994148776 -69.45488241683617 39.13043317068392 9
52.77665203871045 77.75384103424886 58.43118265080576 3
24.086423601346198 47.384901206180416 -69.12547229502593 13
27.96211893501868 11.488306755513184 -33.68384203568504 14
65.85100396503358 49.52753093784112 42.70357336216839 6
64.678942547632 11.906468291944028 -4.39720368973382 4
72.43820671865589 26.866666477638912 -32.34389923237006 15
35.510331047672295 9.378665456108493 -45.03751691911471 14
32.03068509527512 62.64740717812644 -50.81352712613951 15
32.81459039942415 45.94708402782141 -64.81954327541429 15
40.25724125271601 51.011871684178864 6.15150883324298 4
81.71454990703828 -66.24309316256749 29.50716069530217 9
95.18269302905217 -4.1755040689406275 24.91498539637067 8
39.309936478713546 49.67695091403076 34.594830210494266 5
96.12749637101301 -25.130190032781606 56.25897876131503 8
23.068396492206816 26.450954869949054 -54.25182860083948 14
83.16021449333964 13.744959566297954 39.159096798960476 6
75.71162606158538 -23.865581163151184 -12.654307091080863 12
65.62918852573532 -13.660718575912389 63.74044142822011 8
85.48442884647702 -59.000865400852035 15.695709452753492 11
31.10323648950301 9.058940924423691 28.367158953236384 7
40.215687795562474 28.410178019935838 1.0637449988090797 4
91.06688759567893 -49.03785866736232 -10.548304063353498 12
76.2793731498755 -64.79096683189739 50.87817729315376 9
85.74958341116401 -70.99657740557596 43.22140633459113 9
58.218977649857166 3.6605882542803947 -44.09356908869677 13
55.06743209399559 79.19397850136622 -33.799665084054496 4
53.34390718590976 36.25632402462742 -65.17959890433835 13
69.75317130020646 -0.20499067472595778 50.3520270139564 8
44.94061722819246 16.966572941435665 -58.59122351304302 13
58.208145745050146 81.33057220142531 -31.601767834859796 4
80.6264584623068 -44.101378008596534 72.67333475081801 9
65.76765945568198 19.361470160995044 -26.867937243501604 15
62.64891747709949 89.54997520924812 -54.906566516169875 4
78.52788413825652 -2.5452441831138595 53.86561911399787 8
50.19302082486982 73.56112850862363 54.41121424703351 3
76.59478956484072 -66.60612036101755 74.59786451500712 9
36.957239860462415 11.3937741413766 -6.133365135251845 15
31.59654575561472 21.10275467264075 6.513087336638145 7
29.99872153701495 -31.779814724903986 16.323225983188404 10
48.95889080594442 73.22512341730148 49.172640268510534 3
92.90013068521661 -33.2621452573626 -6.524086226083758 12
64.48386625692625 12.112416847877894 68.99587868385386 6
18.035316314888362 39.7369557364175 -17.513372134387506 15
40.29645186814979 15.867386299243474 -55.104383759477535 13
51.68863256589421 81.55704169899653 -70.23521353033489 15
37.76866174641433 59.786383187452444 -40.78237403605045 15
88.70867089033919 -74.69643692802718 83.96477768348784 9
88.45240935869235 -38.10661114763075 34.16833137421984 9
29.691667994041126 38.16297342883823 4.142104553240344 4
56.51075728556722 24.930478557923074 21.779358250996307 7
85.43019433500129 -50.07671324215268 3.657547149179363 11
88.00123376700274 -63.71349903492152 78.09495633288334 9
44.176202216406196 -18.052759273787743 -16.98530215557803 13
76.85994052904566 5.328110727735369 -28.972883077322 12
86.93063855167999 -51.21717185323676 40.824372948052144 9
31.548429546092322 44.82983844043442 -73.48658674414787 13
62.562772267914625 19.505686190957437 65.15210523753314 6
29.230458454162076 52.8134231104283 -77.31049897098062 13
62.23245439107407 44.3266080993428 62.62245994325857 6
48.323695716452434 28.44611717308998 -72.36955424126353 13
56.26589137949503 9.295156747694044 -46.03516220393396 13
33.59215075253262 35.290933478217326 -63.02079279551509 14
64.624370026859 36.35585761833926 33.981263033250556 3
45.7182510442122 -42.440803006814185 43.90871418411238 10
82.88482014248581 -18.971846355062993 -16.216818265499413 12
46.72488292003287 0.04930159060512196 36.77410846261577 7
45.389906523674846 -35.24349349537681 6.858058484820884 11
50.705280924410346 -26.138208670964282 15.178126124813684 10
38.16514538713727 -2.077461733456576 -35.9937682454665 14
53.291898019712846 81.27343844344998 -27.83345284044676 4
35.59121670750738 52.115955106936006 31.211726588187926 3
71.8312230133684 -18.587633108424484 -15.768456040702429 12
70.12178218598159 -36.287917633085364 -13.647766788812055 12
76.34629069510159 -47.67922815568176 20.89080586496066 9
11.67386256767685 15.777975550150064 -27.503955068022 14
57.031638341908945 -20.11674405427666 -17.152776886067468 13
19.240370777585916 16.98966085205747 -13.177051016980323 15
92.26396109168968 -23.132576321233998 50.94806048880347 8
42.335980506698874 -17.24432142250362 -16.195864173830987 14
47.73353115872944 25.924467097658997 52.82455210678144 6
19.864827032559454 -23.004817525789782 7.797255315390295 10
73.33769349086188 24.95862840706281 76.37697506984202 6
53.005132150682826 80.66657998644317 -65.2479133350832 15
19.837456777913154 55.974706827537716 -74.3858440558912 14
59.04240746854295 34.36052298060371 -47.49816126372697 15
88.32625094961973 -55.44985792226109 35.61863596049828 9
46.3037270869119 45.22924744434831 21.03824224162032 5
38.70943193819215 21.58540741127424 -38.51331119242087 15
11.974114245408153 -9.388820384459178 0.1635273032801532 2
36.49068614522214 59.47283425580713 -74.51564159419182 15
23.76189508748596 21.441103546864376 25.81804516848807 7
55.52210613763239 74.75461559552976 -42.39504434314338 4
31.936456626997895 61.80803139758037 -90.85450141893955 13
75.63174148944248 -55.46386760824834 19.215324819705092 9
62.95240561952717 -0.09368804197440461 -20.84317430832816 1
80.4679493146164 -14.59150929237657 -16.6350437758229 12
54.995359887521644 -12.074137456085598 -3.3496962080848514 1
76.40238621506437 -25.335851063386315 11.738466357862265 11
81.20513070532716 -13.645934269427062 77.40089434116956 8
76.08311086033504 -69.96351424753117 57.70480976086774 9
88.82275006066219 -60.805021112788125 51.15131597090128 9
83.19397135009683 11.686859859864395 12.168205784548825 4
34.39315167262677 51.16037709059535 -40.90737792011701 15
86.26503271896502 -17.837616013463066 11.77703395415486 9
78.41027071106909 -69.90283176708412 47.36089781387789 9
52.850868316953 34.90705156158225 -19.949678548299676 4
71.86988321884313 -25.525737760859034 22.027632054832956 9
88.97031295911526 -52.53984561639879 54.778795301432346 9
41.488514188015074 29.79611725655362 -10.670262924668261 15
69.14720753273566 -6.855112062338242 55.19593516322258 8
47.16069188940655 74.56377271692193 -77.26177643854928 15
66.0388137748982 -19.02173321896522 -33.61318917846485 13
78.36030554872733 -15.868888722327611 -19.34935471183785 12
58.98485080235582 16.552050688579676 11.259417048356868 7
37.36986742235901 47.532611020627805 8.101300962558044 4
53.769150267491426 14.753249503795086 -64.11970505632922 13
12.869804376147872 9.493501974879317 8.45550140888472 7
33.13116218923978 37.21603945285285 32.96920061872461 7
98.27148607537745 -0.19398050582120074 1.5558358110971948 0
88.40799958420735 -57.66694018239815 70.69022113599344 9
31.048686476551268 -0.4041075212869727 -22.49324394390253 14
86.14646621319328 -17.421063569159955 -10.691664798012823 12
67.19659832210074 -60.096132483972994 37.01296908158849 9
55.15208901429713 -37.500657932325595 15.478685968551753 10
33.865727016211444 31.066433168374985 4.954619033559582 4
56.446859839346814 88.19578494970493 -50.9810747310496 4
90.40647493194336 7.516246497994262 -2.7726058070656423 0
55.88616267747115 3.4215971076664298 39.95310677162019 7
46.34360392917557 71.44842916855937 -66.11537580334507 15
36.80299085530729 61.080749418681634 -96.40536726627414 13
68.73546447581532 53.13791928792677 -16.59500589896772 4
75.12698213740683 -52.539886966482875 30.156646280347353 11
30.581823406982075 7.348460708264115 22.437234864428348 7
39.449491980325966 56.02843228998133 36.3605755245888 3
37.95350060073171 -35.141511827009694 40.69330571053115 10
49.75829037238397 58.42219118294523 59.59176440396454 6
53.84299866277031 3.908007708693817 -54.52135466327987 13
69.75542127591883 -34.20196186501512 -11.967714891977499 12
51.931923674791335 21.312904097643305 -35.058389916262755 15
42.72073947088124 72.88304924401612 -34.32132967008603 15
80.60069643702673 -42.52260335463831 21.143978667300445 11
69.04717797516219 -42.441122703100355 31.62107376633967 9
39.23511109803392 -26.14777381357103 12.057891524045727 10
31.056676177496648 -33.66115454609092 20.052610355330614 10
34.28358101779357 68.666486505429 -71.07380663390062 15
80.70919878361747 -30.37263596856443 42.64914093877912 9
65.12264090159138 16.201955406087986 64.02918355862356 6
90.78338762296228 -16.063869174138155 85.8488662276128 8
64.93809536833369 65.56527179615802 -20.042055161338325 4
